0 0.46015625 0.53203125 0.9203125 0.9359375
0 0.18203125 0.36640625 0.31484375 0.2234375
0 0.553125 0.31640625 0.37734375 0.52421875
0 0.76796875 0.465625 0.240625 0.2296875
0 0.83515625 0.31953125 0.215625 0.2046875
0 0.20703125 0.75078125 0.4140625 0.4984375
0 0.03359375 0.490625 0.06640625 0.14921875
0 0.52734375 0.36328125 0.19453125 0.27578125
0 0.09765625 0.22421875 0.19453125 0.14296875
0 0.3546875 0.5328125 0.11796875 0.2015625
0 0.02578125 0.621875 0.0515625 0.165625
0 0.4328125 0.66015625 0.06953125 0.0484375
0 0.45234375 0.46796875 0.07578125 0.103125
0 0.271875 0.7140625 0.0984375 0.13046875
0 0.35390625 0.26640625 0.08046875 0.11796875
0 0.87890625 0.21796875 0.1140625 0.0765625
0 0.12421875 0.51484375 0.13984375 0.12890625
0 0.078125 0.4140625 0.02734375 0.18359375
0 0.0578125 0.321875 0.115625 0.21953125
0 0.70078125 0.02734375 0.07109375 0.04453125