0 0.4546875 0.5328125 0.89765625 0.91640625
0 0.190625 0.3640625 0.303125 0.21484375
0 0.5484375 0.315625 0.36328125 0.5046875
0 0.7546875 0.459375 0.23203125 0.22109375
0 0.81953125 0.31796875 0.20703125 0.19765625
0 0.21015625 0.74140625 0.41015625 0.4953125
0 0.040625 0.48359375 0.0796875 0.14296875
0 0.5234375 0.3609375 0.1875 0.26484375
0 0.1046875 0.22734375 0.19921875 0.13671875
0 0.35703125 0.52421875 0.11328125 0.19375
0 0.03359375 0.61015625 0.0671875 0.15859375
0 0.43203125 0.64609375 0.0671875 0.046875
0 0.4515625 0.46171875 0.07265625 0.09921875
0 0.27734375 0.6984375 0.09453125 0.12578125
0 0.35625 0.2671875 0.07734375 0.11328125
0 0.86171875 0.2203125 0.11015625 0.0734375
0 0.13515625 0.50703125 0.134375 0.1234375
0 0.090625 0.409375 0.02578125 0.17734375
0 0.06328125 0.321875 0.1265625 0.21015625
0 0.68984375 0.03671875 0.06875 0.04296875