0 0.240625 0.55234375 0.28203125 0.15078125
0 0.51171875 0.47890625 0.95625 0.93828125
0 0.33671875 0.14921875 0.25546875 0.25859375
0 0.12890625 0.83984375 0.084375 0.0703125
0 0.1203125 0.1515625 0.1625 0.17265625
0 0.88046875 0.21015625 0.13984375 0.315625
0 0.2921875 0.02734375 0.0890625 0.04921875
0 0.04140625 0.3859375 0.02734375 0.1015625
0 0.61875 0.3421875 0.1734375 0.109375
0 0.04140625 0.2015625 0.028125 0.0703125
0 0.7625 0.046875 0.05390625 0.0796875
0 0.5390625 0.0359375 0.053125 0.071875
0 0.0421875 0.26875 0.03125 0.07890625
0 0.07265625 0.0484375 0.0890625 0.06953125
0 0.628125 0.03359375 0.08359375 0.06640625
0 0.46171875 0.03046875 0.0421875 0.0609375