0 0.5 0.496875 1 0.99296875
0 0.79765625 0.3765625 0.4046875 0.69765625
0 0.45546875 0.31953125 0.28828125 0.34765625
0 0.528125 0.0890625 0.15625 0.178125
0 0.91328125 0.8328125 0.1734375 0.18203125
0 0.28203125 0.2828125 0.1671875 0.28203125
0 0.33515625 0.10390625 0.2265625 0.2078125
0 0.6859375 0.85546875 0.2765625 0.27265625
0 0.828125 0.8609375 0.04609375 0.1734375
0 0.83515625 0.928125 0.13984375 0.1296875
0 0.190625 0.0890625 0.16796875 0.1578125
0 0.95546875 0.93125 0.08828125 0.08828125
0 0.959375 0.05625 0.08125 0.078125
0 0.02421875 0.23125 0.0484375 0.0765625
0 0.153125 0.31796875 0.11484375 0.2203125
0 0.41875 0.06796875 0.1078125 0.13515625
0 0.55234375 0.178125 0.0703125 0.10546875
0 0.6328125 0.02109375 0.14375 0.04140625