0 0.51015625 0.540625 0.96015625 0.903125
0 0.22890625 0.43828125 0.39609375 0.62734375
0 0.553125 0.3859375 0.259375 0.31328125
0 0.4890625 0.17109375 0.13984375 0.178125
0 0.1375 0.8484375 0.1625 0.16484375
0 0.709375 0.353125 0.15 0.25390625
0 0.6625 0.18984375 0.20546875 0.1921875
0 0.3453125 0.86875 0.24921875 0.2453125
0 0.2171875 0.8734375 0.04140625 0.15625
0 0.2109375 0.934375 0.12578125 0.11640625
0 0.790625 0.17890625 0.1515625 0.1421875
0 0.096875 0.93828125 0.09375 0.0796875
0 0.090625 0.15 0.09296875 0.0703125
0 0.94609375 0.30703125 0.0546875 0.06953125
0 0.825 0.384375 0.10390625 0.1984375
0 0.58671875 0.153125 0.096875 0.1359375
0 0.03984375 0.6 0.02578125 0.121875
0 0.465625 0.25859375 0.06328125 0.09453125
0 0.39375 0.1109375 0.1296875 0.05078125
0 0.978125 0.42421875 0.04296875 0.0703125