0 0.54765625 0.521875 0.9046875 0.953125
0 0.83828125 0.34921875 0.3171875 0.225
0 0.4640625 0.2984375 0.38046875 0.52734375
0 0.2484375 0.44921875 0.2421875 0.23125
0 0.18046875 0.3015625 0.21640625 0.20625
0 0.80234375 0.7421875 0.3953125 0.515625
0 0.97734375 0.4734375 0.0453125 0.15
0 0.48984375 0.34609375 0.19609375 0.27734375
0 0.9125 0.20625 0.175 0.14375
0 0.6640625 0.5171875 0.11875 0.203125
0 0.984375 0.60625 0.03125 0.16640625
0 0.5859375 0.64453125 0.0703125 0.0484375
0 0.565625 0.4515625 0.07578125 0.10390625
0 0.74765625 0.69921875 0.09921875 0.13125
0 0.66484375 0.2484375 0.08125 0.11875
0 0.13671875 0.2 0.11484375 0.0765625
0 0.89609375 0.49921875 0.140625 0.1296875
0 0.94296875 0.39765625 0.02734375 0.18515625
0 0.95234375 0.3046875 0.09453125 0.2203125
0 0.3171875 0.01484375 0.071875 0.0296875