0 0.43359375 0.18359375 0.35390625 0.36328125
0 0.51953125 0.4640625 0.728125 0.4671875
0 0.34609375 0.46796875 0.17109375 0.0734375
0 0.59140625 0.7703125 0.421875 0.37578125
0 0.12890625 0.39296875 0.16484375 0.5265625
0 0.50078125 0.6609375 0.05625 0.09453125
0 0.97109375 0.06328125 0.04296875 0.06484375
0 0.675 0.109375 0.15625 0.20234375
0 0.09140625 0.71796875 0.08828125 0.23125
0 0.7296875 0.3703125 0.30703125 0.18984375
0 0.41484375 0.08984375 0.0703125 0.1796875
0 0.07734375 0.13515625 0.0453125 0.16171875
0 0.51015625 0.1359375 0.1078125 0.271875
0 0.1875 0.85625 0.2328125 0.1921875
0 0.33984375 0.81171875 0.1703125 0.29453125
0 0.08125 0.55234375 0.07890625 0.2140625
0 0.94140625 0.18125 0.06328125 0.0796875
0 0.946875 0.36171875 0.0453125 0.03046875
0 0.41171875 0.0296875 0.02734375 0.04296875
0 0.10234375 0.86484375 0.0875 0.159375
0 0.07109375 0.3234375 0.05546875 0.24296875
0 0.59921875 0.02109375 0.0578125 0.0421875
0 0.9828125 0.1671875 0.034375 0.190625
0 0.08515625 0.040625 0.05390625 0.07734375
0 0.95859375 0.30859375 0.0828125 0.0734375
0 0.2921875 0.82421875 0.16875 0.10546875