0 0.41171875 0.17890625 0.36953125 0.3578125
0 0.50234375 0.4625 0.76171875 0.48828125
0 0.32109375 0.46640625 0.17890625 0.0765625
0 0.57734375 0.78203125 0.44140625 0.39296875
0 0.09453125 0.38828125 0.171875 0.55078125
0 0.4828125 0.66796875 0.059375 0.09921875
0 0.975 0.04375 0.04453125 0.06796875
0 0.6640625 0.09765625 0.1625 0.1953125
0 0.0546875 0.728125 0.0921875 0.2421875
0 0.721875 0.3640625 0.32109375 0.1984375
0 0.39296875 0.0828125 0.0734375 0.16484375
0 0.03984375 0.11875 0.04765625 0.16875
0 0.4921875 0.13046875 0.1125 0.2609375
0 0.1546875 0.871875 0.24375 0.20078125
0 0.3140625 0.82578125 0.178125 0.3078125
0 0.04375 0.5546875 0.0828125 0.22421875
0 0.94375 0.1671875 0.065625 0.08359375
0 0.95 0.35546875 0.04765625 0.03203125
0 0.3890625 0.01484375 0.0296875 0.0296875
0 0.06640625 0.88125 0.0921875 0.16640625
0 0.03359375 0.315625 0.0578125 0.2546875
0 0.58515625 0.0109375 0.06171875 0.02109375
0 0.984375 0.15234375 0.03125 0.19921875
0 0.04765625 0.0296875 0.05546875 0.05859375
0 0.95859375 0.29921875 0.0828125 0.0765625
0 0.26484375 0.8390625 0.1765625 0.1109375