0 0.22109375 0.484375 0.39609375 0.33046875
0 0.440625 0.63671875 0.18203125 0.1875
0 0.9390625 0.54609375 0.12109375 0.1375
0 0.640625 0.30625 0.43671875 0.403125
0 0.49609375 0.72421875 0.028125 0.05859375
0 0.5203125 0.8296875 0.35859375 0.2671875
0 0.30078125 0.35 0.2546875 0.14375
0 0.67734375 0.62578125 0.22265625 0.04453125
0 0.90078125 0.26484375 0.07734375 0.0671875
0 0.79140625 0.69921875 0.21484375 0.14765625
0 0.45859375 0.23359375 0.196875 0.17109375
0 0.19453125 0.746875 0.34453125 0.28046875
0 0.09375 0.91796875 0.075 0.1640625
0 0.2734375 0.21015625 0.1390625 0.14765625
0 0.634375 0.79375 0.15625 0.16796875
0 0.76171875 0.403125 0.2046875 0.16875
0 0.70859375 0.1796875 0.0578125 0.0796875
0 0.6296875 0.11875 0.1640625 0.08125
0 0.096875 0.34375 0.0578125 0.04375
0 0.0671875 0.3015625 0.04921875 0.065625
0 0.89609375 0.1640625 0.04765625 0.08125
0 0.63359375 0.19921875 0.08125 0.06484375
0 0.82421875 0.1546875 0.071875 0.05078125
0 0.33359375 0.25390625 0.09609375 0.08125
0 0.0578125 0.390625 0.0390625 0.040625
0 0.52109375 0.1609375 0.07890625 0.04609375
0 0.86875 0.66796875 0.0578125 0.0765625