0 0.6765625 0.78203125 0.4328125 0.3828125
0 0.259375 0.16171875 0.178125 0.1265625
0 0.3328125 0.30390625 0.2625 0.20078125
0 0.5828125 0.3671875 0.03359375 0.05078125
0 0.71328125 0.540625 0.44296875 0.2984375
0 0.3203125 0.803125 0.15 0.14140625
0 0.29140625 0.52265625 0.4125 0.378125
0 0.86796875 0.46875 0.21171875 0.178125
0 0.1234375 0.56484375 0.0390625 0.04453125
0 0.1734375 0.23515625 0.14140625 0.21484375
0 0.45390625 0.5125 0.11171875 0.04453125
0 0.65546875 0.3125 0.13515625 0.1515625
0 0.60390625 0.29375 0.07421875 0.184375
0 0.62109375 0.6953125 0.12109375 0.19296875
0 0.590625 0.50703125 0.07421875 0.0265625
0 0.4859375 0.82890625 0.15703125 0.17734375
0 0.396875 0.446875 0.14140625 0.13125
0 0.103125 0.64375 0.0875 0.0734375
0 0.18515625 0.31640625 0.18203125 0.1