0 0.21328125 0.38515625 0.38671875 0.40625
0 0.61953125 0.68828125 0.16953125 0.23515625
0 0.6375 0.4390625 0.05390625 0.03515625
0 0.3875 0.75859375 0.36328125 0.403125
0 0.74140625 0.38984375 0.26953125 0.3703125
0 0.70390625 0.41484375 0.15703125 0.0734375
0 0.7375 0.75234375 0.115625 0.17421875
0 0.1375 0.57890625 0.17578125 0.1765625
0 0.1171875 0.76953125 0.14765625 0.15859375
0 0.61953125 0.140625 0.14140625 0.20390625
0 0.06015625 0.45078125 0.1203125 0.1859375
0 0.62890625 0.86640625 0.2109375 0.14609375
0 0.271875 0.71953125 0.16171875 0.275
0 0.82265625 0.80078125 0.1765625 0.0984375
0 0.321875 0.26875 0.1828125 0.2296875
0 0.1890625 0.128125 0.06484375 0.06640625
0 0.4609375 0.04453125 0.134375 0.0890625
0 0.25390625 0.915625 0.04453125 0.0578125
0 0.5421875 0.5140625 0.196875 0.175
0 0.21796875 0.94921875 0.084375 0.05234375
0 0.09921875 0.34453125 0.1015625 0.0578125
0 0.6953125 0.5171875 0.1484375 0.146875
0 0.68984375 0.846875 0.08828125 0.0859375