0 0.65625 0.14765625 0.45390625 0.27890625
0 0.6390625 0.18828125 0.39375 0.3765625
0 0.259375 0.425 0.275 0.3921875
0 0.509375 0.4546875 0.04765625 0.08359375
0 0.57578125 0.32265625 0.05 0.12421875
0 0.43125 0.14375 0.1703125 0.28671875
0 0.64375 0.51328125 0.0875 0.12265625
0 0.47265625 0.60390625 0.275 0.44296875
0 0.3765625 0.409375 0.04921875 0.03203125
0 0.34296875 0.06875 0.13125 0.1375
0 0.76015625 0.60390625 0.38671875 0.4890625
0 0.85859375 0.4484375 0.18203125 0.24296875
0 0.33671875 0.7203125 0.11796875 0.228125