0 0.51796875 0.53515625 0.7484375 0.9015625
0 0.2796875 0.53359375 0.27109375 0.3921875
0 0.365625 0.91171875 0.1015625 0.1765625
0 0.44921875 0.7953125 0.146875 0.296875
0 0.74921875 0.28046875 0.346875 0.49296875
0 0.328125 0.225 0.115625 0.228125
0 0.4328125 0.05859375 0.0921875 0.0875
0 0.61953125 0.40703125 0.06953125 0.1234375
0 0.515625 0.4734375 0.05078125 0.08046875
0 0.60703125 0.19296875 0.14296875 0.30859375
0 0.4796875 0.58671875 0.1796875 0.18828125
0 0.90859375 0.21953125 0.1015625 0.23984375
0 0.66640625 0.41171875 0.1421875 0.05625
0 0.69765625 0.43203125 0.21875 0.196875
0 0.425 0.97109375 0.08203125 0.0578125