0 0.27109375 0.77421875 0.47265625 0.41796875
0 0.7265625 0.09609375 0.19453125 0.13828125
0 0.646875 0.25234375 0.28671875 0.21875
0 0.37421875 0.32109375 0.03671875 0.05546875
0 0.2375 0.509375 0.47421875 0.32578125
0 0.6609375 0.796875 0.1640625 0.1546875
0 0.6921875 0.490625 0.45 0.41328125
0 0.08984375 0.4296875 0.17890625 0.19453125
0 0.875 0.53671875 0.04296875 0.0484375
0 0.82109375 0.1765625 0.1546875 0.23515625
0 0.51484375 0.47890625 0.121875 0.0484375
0 0.29375 0.26171875 0.14765625 0.165625
0 0.35078125 0.240625 0.08046875 0.2015625
0 0.33203125 0.67890625 0.13203125 0.2109375
0 0.365625 0.47421875 0.08125 0.02890625
0 0.4796875 0.825 0.17109375 0.19375
0 0.5765625 0.40859375 0.1546875 0.14296875
0 0.89765625 0.6234375 0.0953125 0.08046875
0 0.8078125 0.26484375 0.19921875 0.109375