0 0.21484375 0.384375 0.384375 0.40390625
0 0.61875 0.6859375 0.16796875 0.23359375
0 0.63671875 0.43828125 0.053125 0.034375
0 0.38828125 0.75546875 0.3609375 0.4
0 0.73984375 0.3890625 0.26796875 0.36796875
0 0.70234375 0.4140625 0.15625 0.0734375
0 0.7359375 0.74921875 0.11484375 0.1734375
0 0.13984375 0.57734375 0.175 0.17578125
0 0.11953125 0.76640625 0.146875 0.1578125
0 0.61875 0.14140625 0.140625 0.203125
0 0.06328125 0.45078125 0.12265625 0.184375
0 0.628125 0.8625 0.21015625 0.14453125
0 0.2734375 0.7171875 0.1609375 0.27265625
0 0.82109375 0.79765625 0.17578125 0.0984375
0 0.32265625 0.26796875 0.18203125 0.228125
0 0.19140625 0.12890625 0.06484375 0.06640625
0 0.4625 0.04609375 0.13203125 0.08984375
0 0.25546875 0.91171875 0.04375 0.05703125
0 0.5421875 0.5125 0.1953125 0.1734375
0 0.21953125 0.94453125 0.084375 0.0515625
0 0.1015625 0.34375 0.1015625 0.05703125
0 0.69453125 0.515625 0.14765625 0.14609375
0 0.68828125 0.84296875 0.0875 0.0859375