0 0.77890625 0.48515625 0.39140625 0.3265625
0 0.56171875 0.634375 0.1796875 0.18515625
0 0.06953125 0.5453125 0.11953125 0.1359375
0 0.3640625 0.30859375 0.43125 0.39765625
0 0.50703125 0.721875 0.02734375 0.05859375
0 0.48359375 0.82578125 0.3546875 0.2640625
0 0.7 0.35234375 0.2515625 0.14140625
0 0.328125 0.62421875 0.2203125 0.04453125
0 0.1078125 0.26796875 0.0765625 0.06640625
0 0.215625 0.696875 0.2125 0.1453125
0 0.54375 0.23671875 0.19453125 0.16953125
0 0.8046875 0.74375 0.33984375 0.2765625
0 0.90546875 0.91484375 0.075 0.16328125
0 0.72734375 0.21328125 0.1375 0.14609375
0 0.3703125 0.78984375 0.1546875 0.165625
0 0.24453125 0.40390625 0.20234375 0.16640625
0 0.296875 0.18359375 0.05703125 0.07890625
0 0.375 0.1234375 0.1625 0.0796875
0 0.90078125 0.3453125 0.05703125 0.04296875
0 0.93046875 0.30390625 0.04921875 0.06484375
0 0.11171875 0.16796875 0.046875 0.08046875
0 0.37109375 0.203125 0.0796875 0.0640625
0 0.1828125 0.159375 0.07109375 0.05
0 0.6671875 0.25703125 0.0953125 0.0796875
0 0.9390625 0.3921875 0.03828125 0.03984375
0 0.4828125 0.16484375 0.078125 0.04609375
0 0.1390625 0.665625 0.05703125 0.07578125