0 0.35859375 0.81953125 0.48125 0.3609375
0 0.82109375 0.16171875 0.19765625 0.140625
0 0.73984375 0.3203125 0.29140625 0.22265625
0 0.4625 0.390625 0.0375 0.05625
0 0.31640625 0.58359375 0.4921875 0.33125
0 0.75390625 0.87421875 0.16640625 0.1578125
0 0.77890625 0.56171875 0.4421875 0.4203125
0 0.1453125 0.503125 0.23515625 0.19765625
0 0.971875 0.61015625 0.04375 0.04921875
0 0.9171875 0.24375 0.1578125 0.2390625
0 0.60546875 0.5515625 0.12421875 0.04921875
0 0.38046875 0.33046875 0.15 0.16875
0 0.43828125 0.30859375 0.08203125 0.2046875
0 0.41953125 0.75546875 0.134375 0.21484375
0 0.453125 0.54609375 0.0828125 0.02890625
0 0.57109375 0.9015625 0.1734375 0.19609375
0 0.66796875 0.4796875 0.1578125 0.1453125
0 0.97421875 0.696875 0.0515625 0.08125
0 0.9015625 0.33359375 0.19609375 0.1109375