0 0.8046875 0.50390625 0.390625 0.35703125
0 0.5859375 0.66953125 0.19609375 0.20234375
0 0.05625 0.57109375 0.1125 0.1484375
0 0.3703125 0.31328125 0.47109375 0.434375
0 0.5265625 0.7640625 0.0296875 0.06328125
0 0.4984375 0.86640625 0.3875 0.2671875
0 0.73671875 0.3609375 0.275 0.1546875
0 0.33125 0.6578125 0.240625 0.0484375
0 0.08984375 0.26875 0.08359375 0.07265625
0 0.20859375 0.73671875 0.23203125 0.159375
0 0.56640625 0.23515625 0.2125 0.18515625
0 0.8328125 0.7875 0.334375 0.30234375
0 0.959375 0.94296875 0.08125 0.1140625
0 0.76640625 0.209375 0.15 0.159375
0 0.3765625 0.8390625 0.16875 0.18125
0 0.23984375 0.4171875 0.22109375 0.18203125
0 0.296875 0.1765625 0.0625 0.0859375
0 0.3828125 0.1109375 0.17734375 0.0875
0 0.95625 0.353125 0.0625 0.046875
0 0.98046875 0.3078125 0.0390625 0.0703125
0 0.09453125 0.159375 0.0515625 0.0875
0 0.37734375 0.19765625 0.0875 0.0703125
0 0.171875 0.15 0.078125 0.0546875
0 0.7015625 0.25625 0.10390625 0.0875
0 0.9875 0.403125 0.025 0.04375
0 0.49921875 0.15625 0.08515625 0.05
0 0.12421875 0.703125 0.06171875 0.08203125