0 0.5109375 0.52421875 0.72734375 0.87578125
0 0.2796875 0.5234375 0.26328125 0.38125
0 0.3640625 0.8921875 0.0984375 0.1734375
0 0.44375 0.77734375 0.14296875 0.28828125
0 0.7359375 0.27734375 0.3375 0.47890625
0 0.3265625 0.2234375 0.11171875 0.221875
0 0.428125 0.06171875 0.08984375 0.08515625
0 0.61015625 0.4 0.06796875 0.1203125
0 0.50859375 0.46484375 0.04921875 0.078125
0 0.5984375 0.1921875 0.1390625 0.29921875
0 0.4734375 0.575 0.17421875 0.1828125
0 0.89140625 0.21796875 0.09921875 0.2328125
0 0.65546875 0.4046875 0.13828125 0.0546875
0 0.6859375 0.42421875 0.2125 0.19140625
0 0.421875 0.959375 0.08125 0.07578125