0 0.81953125 0.39765625 0.3609375 0.4453125
0 0.40546875 0.7296875 0.18515625 0.25703125
0 0.3859375 0.4578125 0.05859375 0.03828125
0 0.66015625 0.79296875 0.3984375 0.4140625
0 0.27265625 0.40390625 0.29453125 0.4046875
0 0.31328125 0.43125 0.171875 0.08046875
0 0.2765625 0.8 0.1265625 0.190625
0 0.91875 0.61015625 0.1625 0.1921875
0 0.9375 0.81796875 0.125 0.1734375
0 0.40546875 0.13125 0.1546875 0.22265625
0 0.975 0.47109375 0.05 0.203125
0 0.3953125 0.921875 0.23046875 0.15625
0 0.78515625 0.7640625 0.17734375 0.3
0 0.18359375 0.853125 0.19296875 0.1078125
0 0.73046875 0.27109375 0.2 0.2515625
0 0.87578125 0.11796875 0.07109375 0.07265625
0 0.57890625 0.0375 0.1453125 0.075
0 0.80546875 0.9734375 0.0484375 0.053125
0 0.48984375 0.5390625 0.21484375 0.19140625
0 0.8453125 0.99296875 0.09296875 0.0140625
0 0.959375 0.353125 0.08046875 0.06328125
0 0.32265625 0.54296875 0.1625 0.1609375
0 0.32890625 0.903125 0.09609375 0.09453125