0 0.4921875 0.52890625 0.79375 0.9421875
0 0.74453125 0.5359375 0.2875 0.415625
0 0.65234375 0.92109375 0.1078125 0.1578125
0 0.56484375 0.81328125 0.15625 0.31484375
0 0.24609375 0.2671875 0.36875 0.5234375
0 0.69296875 0.2078125 0.12265625 0.2421875
0 0.5828125 0.03828125 0.09765625 0.0765625
0 0.38359375 0.4015625 0.07421875 0.13125
0 0.49375 0.471875 0.05390625 0.08515625
0 0.39609375 0.17421875 0.1515625 0.32734375
0 0.53203125 0.5921875 0.190625 0.2
0 0.0765625 0.20234375 0.1078125 0.2546875
0 0.33359375 0.40625 0.15078125 0.06015625
0 0.30078125 0.428125 0.23203125 0.20859375
0 0.58984375 0.984375 0.08671875 0.03046875