0 0.65546875 0.140625 0.446875 0.27421875
0 0.63828125 0.1828125 0.3859375 0.365625
0 0.26484375 0.41328125 0.2703125 0.3859375
0 0.5109375 0.44296875 0.046875 0.08203125
0 0.57578125 0.3125 0.04921875 0.12265625
0 0.43359375 0.1390625 0.16796875 0.27734375
0 0.64296875 0.50078125 0.0859375 0.12109375
0 0.47421875 0.5890625 0.27109375 0.4359375
0 0.38046875 0.39765625 0.0484375 0.03125
0 0.346875 0.065625 0.12890625 0.13046875
0 0.75703125 0.5890625 0.38046875 0.48125
0 0.8546875 0.43671875 0.17890625 0.2390625
0 0.340625 0.70390625 0.11640625 0.225