0 0.19375 0.42890625 0.23125 0.0296875
0 0.69609375 0.2140625 0.2703125 0.32421875
0 0.4453125 0.175 0.1484375 0.33125
0 0.21171875 0.70390625 0.4203125 0.33515625
0 0.32265625 0.35078125 0.3234375 0.26796875
0 0.39609375 0.51171875 0.7921875 0.97578125
0 0.8890625 0.1765625 0.21953125 0.29609375
0 0.2046875 0.16640625 0.2296875 0.19296875
0 0.29140625 0.1078125 0.15390625 0.12421875
0 0.70859375 0.0375 0.2859375 0.071875
0 0.0453125 0.11875 0.0875 0.17109375
0 0.1328125 0.0375 0.15703125 0.07421875
0 0.0875 0.571875 0.1671875 0.16015625
0 0.09296875 0.9359375 0.0875 0.11796875
0 0.03125 0.88125 0.06015625 0.134375
0 0.675 0.45859375 0.18046875 0.140625
0 0.02421875 0.478125 0.0484375 0.05
0 0.26484375 0.0234375 0.0421875 0.0453125