0 0.103125 0.76953125 0.20625 0.14609375
0 0.06328125 0.8796875 0.1265625 0.1125
0 0.25703125 0.8609375 0.06484375 0.16640625
0 0.06640625 0.63515625 0.1328125 0.1015625
0 0.0671875 0.96875 0.13359375 0.0625
0 0.26796875 0.6078125 0.1484375 0.1375
0 0.0375 0.56953125 0.075 0.06171875
0 0.41484375 0.88125 0.1734375 0.2375
0 0.290625 0.9671875 0.09375 0.065625
0 0.30625 0.484375 0.18046875 0.17265625
0 0.03125 0.46484375 0.053125 0.07890625
0 0.07265625 0.1 0.14453125 0.12890625
0 0.08984375 0.30078125 0.1796875 0.2046875
0 0.22109375 0.14921875 0.09375 0.121875
0 0.0609375 0.03671875 0.121875 0.07265625
0 0.365625 0.3265625 0.16953125 0.10546875
0 0.72265625 0.85859375 0.18125 0.19296875
0 0.50546875 0.36953125 0.06796875 0.04453125
0 0.74921875 0.7046875 0.134375 0.0859375
0 0.1828125 0.21796875 0.1453125 0.2203125
0 0.84453125 0.70234375 0.11484375 0.046875
0 0.9125 0.4125 0.17421875 0.17890625
0 0.4578125 0.4890625 0.15 0.18046875
0 0.69375 0.62734375 0.1390625 0.0984375
0 0.6234375 0.71640625 0.1359375 0.19140625
0 0.7109375 0.440625 0.234375 0.19921875
0 0.5625 0.84140625 0.096875 0.2
0 0.76484375 0.24140625 0.22890625 0.21640625
0 0.9625 0.26328125 0.075 0.22265625
0 0.15546875 0.89609375 0.1421875 0.2078125
0 0.11875 0.4640625 0.17734375 0.171875
0 0.7515625 0.76640625 0.08203125 0.06953125
0 0.84375 0.81015625 0.13828125 0.16484375
0 0.9515625 0.7671875 0.09609375 0.15
0 0.646875 0.2125 0.17421875 0.23984375
0 0.63203125 0.04921875 0.14921875 0.09765625
0 0.89375 0.128125 0.2125 0.25625
0 0.2171875 0.04453125 0.20078125 0.0890625
0 0.53125 0.615625 0.09140625 0.1359375
0 0.390625 0.1171875 0.178125 0.234375
0 0.89140625 0.56640625 0.15859375 0.16796875
0 0.44921875 0.05078125 0.1546875 0.1015625
0 0.97578125 0.490625 0.0484375 0.18203125
0 0.41796875 0.68828125 0.24375 0.21953125
0 0.75625 0.96953125 0.10390625 0.0609375
0 0.6265625 0.33046875 0.0890625 0.065625