0 0.36015625 0.5234375 0.32734375 0.2
0 0.72578125 0.6859375 0.23125 0.3421875
0 0.56484375 0.571875 0.146875 0.2453125
0 0.553125 0.22421875 0.16484375 0.259375
0 0.87109375 0.490625 0.12421875 0.14765625
0 0.3296875 0.5 0.221875 0.046875
0 0.57890625 0.7 0.153125 0.2046875
0 0.55 0.45234375 0.153125 0.07890625
0 0.74375 0.4328125 0.215625 0.290625
0 0.5828125 0.3703125 0.203125 0.11875
0 0.7 0.6453125 0.06015625 0.19375
0 0.384375 0.48125 0.19453125 0.034375
0 0.69375 0.3515625 0.10546875 0.1296875
0 0.67890625 0.47109375 0.0578125 0.12890625