0 0.89375 0.19453125 0.2125 0.16484375
0 0.57578125 0.1421875 0.0703125 0.0625
0 0.91640625 0.06640625 0.16484375 0.1296875
0 0.03984375 0.065625 0.0796875 0.13125
0 0.990625 0.778125 0.0171875 0.0453125
0 0.95390625 0.44140625 0.0921875 0.09609375
0 0.90546875 0.3640625 0.06796875 0.08046875
0 0.9828125 0.54609375 0.0328125 0.08046875
0 0.99140625 0.14296875 0.0171875 0.0515625
0 0.6078125 0.253125 0.240625 0.3140625
0 0.9375 0.609375 0.10703125 0.16796875
0 0.08203125 0.865625 0.01953125 0.02265625
0 0.88515625 0.8890625 0.22578125 0.16796875
0 0.81328125 0.61640625 0.10234375 0.140625
0 0.025 0.80078125 0.03125 0.03046875
0 0.03125 0.76796875 0.04296875 0.0296875
0 0.5765625 0.6578125 0.1734375 0.23125
0 0.31328125 0.2515625 0.24453125 0.32890625
0 0.0953125 0.31875 0.1875 0.3265625
0 0.3890625 0.7515625 0.196875 0.38671875
0 0.76171875 0.06171875 0.19453125 0.12109375
0 0.7203125 0.44609375 0.40859375 0.22109375
0 0.7828125 0.26015625 0.12734375 0.18671875
0 0.7859375 0.94609375 0.1515625 0.1
0 0.3875 0.45390625 0.10078125 0.1625
0 0.76484375 0.7296875 0.23359375 0.1375