0 0.3421875 0.8953125 0.15546875 0.109375
0 0.0390625 0.8421875 0.078125 0.11484375
0 0.1140625 0.86484375 0.16015625 0.26953125
0 0.065625 0.74140625 0.13125 0.1703125
0 0.29609375 0.70859375 0.05703125 0.11796875
0 0.040625 0.653125 0.08125 0.15
0 0.05234375 0.39765625 0.07265625 0.1140625
0 0.0140625 0.3890625 0.028125 0.10078125
0 0.35703125 0.9640625 0.271875 0.0671875
0 0.634375 0.9703125 0.21328125 0.059375
0 0.12734375 0.2828125 0.1625 0.15703125
0 0.94765625 0.4125 0.1046875 0.32265625
0 0.40546875 0.69609375 0.196875 0.36796875
0 0.37578125 0.0140625 0.2296875 0.028125
0 0.15625 0.10859375 0.16875 0.21640625
0 0.0703125 0.1140625 0.140625 0.128125
0 0.03671875 0.1890625 0.07265625 0.1484375
0 0.37578125 0.19921875 0.24921875 0.39765625
0 0.10625 0.04140625 0.2125 0.0828125
0 0.03515625 0.2953125 0.0703125 0.12109375
0 0.72734375 0.3265625 0.25390625 0.2328125
0 0.25234375 0.41171875 0.4296875 0.2328125
0 0.77734375 0.55546875 0.4453125 0.29765625
0 0.2 0.49765625 0.2453125 0.02421875
0 0.1875 0.5375 0.346875 0.2109375
0 0.7609375 0.834375 0.30546875 0.31015625
0 0.028125 0.43984375 0.05546875 0.10546875