0 0.271875 0.68359375 0.36328125 0.3125
0 0.5359375 0.5 0.928125 1
0 0.17265625 0.259375 0.3078125 0.3203125
0 0.39375 0.4171875 0.31875 0.25625
0 0.546875 0.271875 0.2125 0.3734375
0 0.13203125 0.06640625 0.203125 0.1328125
0 0.49296875 0.65859375 0.17421875 0.25546875
0 0.47734375 0.05859375 0.36875 0.11640625
0 0.15703125 0.20546875 0.18203125 0.07578125
0 0.28125 0.9890625 0.1921875 0.021875
0 0.3953125 0.22109375 0.0265625 0.028125
0 0.13125 0.446875 0.103125 0.07578125
0 0.0359375 0.2078125 0.07109375 0.2296875
0 0.21328125 0.890625 0.09921875 0.12734375
0 0.109375 0.94140625 0.16875 0.11640625
0 0.92421875 0.43203125 0.1515625 0.3515625
0 0.1046875 0.98359375 0.209375 0.0328125
0 0.0359375 0.7109375 0.071875 0.075
0 0.02109375 0.3921875 0.0421875 0.165625
0 0.4140625 0.14375 0.046875 0.0359375
0 0.7171875 0.08125 0.196875 0.16171875