0 0.1015625 0.11640625 0.2015625 0.23125
0 0.5453125 0.359375 0.17421875 0.25625
0 0.33125 0.3859375 0.2890625 0.303125
0 0.87578125 0.30625 0.2484375 0.25625
0 0.715625 0.23671875 0.31328125 0.33046875
0 0.1453125 0.3625 0.1328125 0.140625
0 0.36875 0.415625 0.1234375 0.1125
0 0.72578125 0.4859375 0.384375 0.18515625
0 0.78984375 0.8953125 0.1015625 0.20859375
0 0.9046875 0.13515625 0.1265625 0.1328125
0 0.0453125 0.4375 0.090625 0.175
0 0.89296875 0.515625 0.21328125 0.19375
0 0.53671875 0.490625 0.9265625 0.98125
0 0.61953125 0.81171875 0.20390625 0.37578125
0 0.0609375 0.29140625 0.121875 0.1296875
0 0.70625 0.6546875 0.23828125 0.1546875
0 0.96875 0.81328125 0.06171875 0.16875
0 0.95546875 0.91015625 0.0890625 0.1796875
0 0.86875 0.92265625 0.09296875 0.1546875
0 0.34296875 0.053125 0.2734375 0.10625
0 0.990625 0.9484375 0.01875 0.103125
0 0.896875 0.7484375 0.10078125 0.2703125