0 0.81328125 0.91328125 0.203125 0.15390625
0 0.66953125 0.890625 0.1 0.15234375
0 0.93046875 0.79765625 0.1171875 0.2046875
0 0.9609375 0.9453125 0.07734375 0.10625
0 0.9234375 0.66015625 0.1375 0.07734375
0 0.91171875 0.94140625 0.10859375 0.109375
0 0.98671875 0.853125 0.0265625 0.071875
0 0.590625 0.87734375 0.0671875 0.15546875
0 0.9609375 0.68984375 0.07734375 0.0578125
0 0.83828125 0.74609375 0.06953125 0.08671875
0 0.109375 0.73671875 0.21875 0.22578125
0 0.9875 0.5375 0.025 0.096875
0 0.7 0.4390625 0.10703125 0.19765625
0 0.34140625 0.58515625 0.19765625 0.13359375
0 0.93515625 0.57578125 0.1125 0.084375
0 0.78359375 0.53125 0.2125 0.259375
0 0.9765625 0.22890625 0.04609375 0.075
0 0.5140625 0.43984375 0.13828125 0.22265625
0 0.378125 0.4828125 0.21328125 0.12734375
0 0.18125 0.49375 0.21171875 0.2375
0 0.6203125 0.196875 0.15859375 0.2671875
0 0.86953125 0.19140625 0.26015625 0.25234375
0 0.79921875 0.35390625 0.234375 0.134375
0 0.375 0.77421875 0.221875 0.296875
0 0.93515625 0.31484375 0.1296875 0.1234375
0 0.765625 0.75546875 0.21484375 0.121875
0 0.88125 0.98828125 0.1125 0.02265625