0 0.80859375 0.75 0.13125 0.14765625
0 0.86875 0.89375 0.11328125 0.11171875
0 0.52890625 0.72578125 0.12265625 0.21640625
0 0.66953125 0.68515625 0.175 0.2171875
0 0.840625 0.4640625 0.17890625 0.09609375
0 0.571875 0.89140625 0.24765625 0.1734375
0 0.57734375 0.3015625 0.26796875 0.259375
0 0.921875 0.596875 0.13828125 0.10703125
0 0.97421875 0.925 0.0515625 0.103125
0 0.834375 0.1265625 0.09609375 0.10859375
0 0.43046875 0.48828125 0.86015625 0.97578125
0 0.92421875 0.91015625 0.07890625 0.10546875
0 0.71328125 0.87578125 0.0828125 0.1765625
0 0.60703125 0.5125 0.14453125 0.1140625
0 0.67421875 0.41640625 0.22265625 0.1296875
0 0.9375 0.0890625 0.125 0.11875
0 0.95234375 0.70859375 0.09375 0.11640625
0 0.53515625 0.11171875 0.12265625 0.1046875
0 0.784375 0.31171875 0.13984375 0.18125
0 0.9765625 0.978125 0.04609375 0.04296875
0 0.43828125 0.1359375 0.2421875 0.27109375
0 0.78359375 0.628125 0.09921875 0.090625
0 0.85234375 0.20625 0.125 0.1125
0 0.1578125 0.24609375 0.0734375 0.06171875
0 0.50390625 0.07265625 0.11796875 0.1453125
0 0.96484375 0.4625 0.06953125 0.090625
0 0.67265625 0.05546875 0.28203125 0.11015625
0 0.54609375 0.5625 0.18125 0.19140625
0 0.95703125 0.20703125 0.0703125 0.09453125
0 0.8890625 0.0578125 0.07421875 0.11484375
0 0.93984375 0.81484375 0.09609375 0.09140625