0 0.571875 0.63828125 0.3078125 0.24609375
0 0.25625 0.58359375 0.29921875 0.17578125
0 0.1578125 0.0546875 0.0265625 0.021875
0 0.16953125 0.0109375 0.0328125 0.021875
0 0.4734375 0.43203125 0.12578125 0.253125
0 0.68671875 0.03828125 0.04765625 0.0359375
0 0.20625 0.09140625 0.0265625 0.01796875
0 0.99375 0.0234375 0.0125 0.03984375
0 0.203125 0.02578125 0.03359375 0.05078125
0 0.1234375 0.153125 0.03984375 0.034375
0 0.9734375 0.1734375 0.04296875 0.0484375
0 0.94375 0.1078125 0.0703125 0.053125
0 0.92734375 0.07109375 0.06015625 0.0453125