0 0.69296875 0.5984375 0.3953125 0.23046875
0 0.384375 0.28828125 0.24296875 0.40546875
0 0.59140625 0.30625 0.128125 0.16640625
0 0.5734375 0.50078125 0.81015625 0.98984375
0 0.55625 0.45703125 0.190625 0.165625
0 0.95625 0.19921875 0.0875 0.184375
0 0.73125 0.39453125 0.18984375 0.17109375
0 0.63046875 0.5796875 0.19765625 0.0484375
0 0.4078125 0.340625 0.03828125 0.18671875
0 0.89296875 0.796875 0.15234375 0.1
0 0.94609375 0.41328125 0.10703125 0.21640625
0 0.17421875 0.1109375 0.14375 0.15859375
0 0.95546875 0.70703125 0.03671875 0.0484375
0 0.36015625 0.05390625 0.284375 0.1078125
0 0.78671875 0.915625 0.4265625 0.165625
0 0.89453125 0.1203125 0.1671875 0.240625
0 0.8296875 0.2828125 0.09296875 0.1265625
0 0.57890625 0.209375 0.13828125 0.17578125
0 0.18984375 0.0875 0.03984375 0.11015625
0 0.878125 0.40625 0.090625 0.1328125
0 0.43359375 0.45 0.05625 0.03671875