0 0.2328125 0.4765625 0.41171875 0.20859375
0 0.38359375 0.3015625 0.30234375 0.309375
0 0.3484375 0.11796875 0.225 0.2296875
0 0.48359375 0.49140625 0.9671875 0.9828125
0 0.95703125 0.26640625 0.08515625 0.384375
0 0.19921875 0.85859375 0.24375 0.16171875
0 0.17734375 0.06484375 0.1671875 0.1296875
0 0.5953125 0.02109375 0.15625 0.0421875
0 0.0265625 0.1515625 0.05234375 0.2015625
0 0.06015625 0.29609375 0.1203125 0.24921875
0 0.28046875 0.69140625 0.0984375 0.12578125
0 0.03046875 0.64609375 0.0609375 0.2515625
0 0.08203125 0.740625 0.159375 0.32265625
0 0.30234375 0.915625 0.07890625 0.16875
0 0.6625 0.1125 0.20390625 0.190625
0 0.971875 0.0546875 0.053125 0.109375
0 0.01796875 0.43359375 0.0359375 0.1015625
0 0.10859375 0.6484375 0.08359375 0.11015625
0 0.1828125 0.22734375 0.11953125 0.21640625