0 0.29765625 0.54296875 0.54609375 0.353125
0 0.23046875 0.73515625 0.16484375 0.24375
0 0.08203125 0.13515625 0.16328125 0.09375
0 0.08515625 0.71953125 0.16953125 0.171875
0 0.44453125 0.80625 0.1796875 0.26484375
0 0.04921875 0.85546875 0.0921875 0.02578125
0 0.0921875 0.9515625 0.17734375 0.090625
0 0.7140625 0.36328125 0.14296875 0.14609375
0 0.7703125 0.3375 0.39375 0.4015625
0 0.46328125 0.49609375 0.22109375 0.05859375
0 0.5015625 0.30234375 0.15625 0.303125
0 0.3265625 0.05390625 0.0265625 0.10703125
0 0.10390625 0.04609375 0.15859375 0.01796875
0 0.10546875 0.0671875 0.20703125 0.13359375
0 0.25703125 0.46328125 0.34453125 0.07734375
0 0.47890625 0.7734375 0.05234375 0.16953125
0 0.234375 0.884375 0.20703125 0.1765625
0 0.1390625 0.8515625 0.08125 0.07890625
0 0.23671875 0.1109375 0.165625 0.2203125
0 0.0609375 0.85234375 0.12109375 0.21171875
0 0.059375 0.35625 0.09453125 0.08203125
0 0.2671875 0.2328125 0.07734375 0.12734375
0 0.79765625 0.64453125 0.21875 0.17421875
0 0.44140625 0.18828125 0.03203125 0.04453125