0 0.55859375 0.48671875 0.14140625 0.17421875
0 0.8984375 0.753125 0.203125 0.1390625
0 0.81953125 0.22734375 0.1375 0.20703125
0 0.78046875 0.053125 0.1765625 0.10546875
0 0.0671875 0.75078125 0.134375 0.14296875
0 0.70234375 0.48203125 0.1703125 0.1625
0 0.26484375 0.2515625 0.2203125 0.2046875
0 0.9234375 0.115625 0.13828125 0.12265625
0 0.60234375 0.8734375 0.15703125 0.253125
0 0.12578125 0.13203125 0.2453125 0.2640625
0 0.31796875 0.43984375 0.22421875 0.18984375
0 0.39765625 0.7015625 0.12734375 0.18125
0 0.88046875 0.45546875 0.1671875 0.16015625
0 0.1921875 0.79140625 0.13125 0.15546875
0 0.3890625 0.05703125 0.146875 0.1140625
0 0.27734375 0.74921875 0.0796875 0.0640625
0 0.84453125 0.8765625 0.13671875 0.20390625
0 0.9390625 0.0453125 0.121875 0.08984375
0 0.91015625 0.30859375 0.17890625 0.1953125
0 0.93203125 0.62578125 0.13515625 0.09609375
0 0.78359375 0.16328125 0.0890625 0.115625
0 0.30546875 0.8375 0.1734375 0.184375
0 0.7390625 0.5984375 0.14140625 0.13125
0 0.1234375 0.41484375 0.16796875 0.17421875
0 0.37578125 0.22421875 0.17109375 0.22890625
0 0.334375 0.61640625 0.1328125 0.09296875
0 0.6171875 0.68203125 0.215625 0.184375
0 0.459375 0.82109375 0.08984375 0.1890625
0 0.9359375 0.85859375 0.12734375 0.10703125
0 0.05546875 0.571875 0.1109375 0.146875
0 0.74921875 0.8390625 0.0609375 0.15859375
0 0.4796875 0.609375 0.084375 0.13125
0 0.9328125 0.95625 0.13359375 0.08671875
0 0.56171875 0.05859375 0.1453125 0.1171875
0 0.28046875 0.690625 0.12734375 0.08046875
0 0.05703125 0.48515625 0.1140625 0.1390625
0 0.7171875 0.9546875 0.0875 0.0890625
0 0.14609375 0.5828125 0.15 0.1171875
0 0.05703125 0.26484375 0.1140625 0.2015625
0 0.190625 0.6890625 0.10859375 0.04453125
0 0.6453125 0.33203125 0.159375 0.09921875
0 0.62421875 0.121875 0.16171875 0.24375
0 0.51328125 0.37265625 0.0640625 0.04296875
0 0.96328125 0.46328125 0.05078125 0.07421875
0 0.96171875 0.56171875 0.0765625 0.0578125