0 0.16796875 0.54140625 0.08828125 0.0921875
0 0.24140625 0.67265625 0.0734375 0.10859375
0 0.81875 0.4203125 0.125 0.146875
0 0.86640625 0.5515625 0.12421875 0.0796875
0 0.73046875 0.6171875 0.1125 0.13359375
0 0.7140625 0.56015625 0.0984375 0.05546875
0 0.6515625 0.22109375 0.075 0.1046875
0 0.2140625 0.75234375 0.0890625 0.0625
0 0.68828125 0.48671875 0.13671875 0.11796875
0 0.59453125 0.08046875 0.096875 0.1390625
0 0.2234375 0.8578125 0.08125 0.1015625
0 0.81875 0.50234375 0.08671875 0.09609375
0 0.1890625 0.79453125 0.07890625 0.06015625
0 0.30625 0.72734375 0.06015625 0.075
0 0.31484375 0.81953125 0.08984375 0.1
0 0.1796875 0.41796875 0.05 0.06875
0 0.67578125 0.10546875 0.04453125 0.13359375
0 0.72109375 0.12265625 0.08046875 0.075
0 0.18828125 0.4765625 0.0734375 0.04765625
0 0.2640625 0.46875 0.046875 0.02734375
0 0.33359375 0.6921875 0.0359375 0.0375
0 0.7046875 0.240625 0.0421875 0.06328125
0 0.759375 0.46953125 0.04140625 0.0546875