0 0.73046875 0.6328125 0.3578125 0.46171875
0 0.4453125 0.675 0.19296875 0.27734375
0 0.2140625 0.71328125 0.3828125 0.34375
0 0.11640625 0.28984375 0.23203125 0.33125
0 0.32109375 0.42109375 0.36328125 0.26484375
0 0.45859375 0.2453125 0.225 0.42109375
0 0.08125 0.0859375 0.1625 0.171875
0 0.08984375 0.4859375 0.1140625 0.09140625
0 0.078125 0.27265625 0.146875 0.05390625
0 0.359375 0.034375 0.41015625 0.06796875
0 0.63359375 0.78359375 0.1734375 0.18828125
0 0.65 0.0765625 0.18671875 0.153125
0 0.01796875 0.7703125 0.0359375 0.0859375