0 0.97734375 0.88984375 0.0453125 0.1359375
0 0.9625 0.1125 0.07421875 0.17578125
0 0.921875 0.94296875 0.0890625 0.11328125
0 0.71796875 0.1015625 0.15703125 0.1265625
0 0.98359375 0.4796875 0.0328125 0.05
0 0.81875 0.4296875 0.2328125 0.0296875
0 0.79296875 0.7109375 0.4140625 0.340625
0 0.74609375 0.01953125 0.04375 0.03828125
0 0.9203125 0.57578125 0.159375 0.16484375
0 0.3046875 0.21015625 0.27578125 0.33125
0 0.32578125 0.45859375 0.18125 0.14375
0 0.11171875 0.1703125 0.22265625 0.30390625
0 0.87421875 0.03359375 0.1484375 0.0671875
0 0.56015625 0.1703125 0.15390625 0.33828125
0 0.809375 0.16171875 0.2328125 0.19609375
0 0.68203125 0.34921875 0.340625 0.27265625
0 0.29140625 0.0328125 0.290625 0.065625
0 0.2265625 0.70078125 0.33984375 0.34453125
0 0.5875 0.584375 0.10390625 0.17734375
0 0.49921875 0.57109375 0.12421875 0.18359375
0 0.43046875 0.68203125 0.08203125 0.11640625
0 0.3546875 0.52890625 0.065625 0.08515625