0 0.34375 0.534375 0.34140625 0.20859375
0 0.725 0.703125 0.24140625 0.35703125
0 0.5578125 0.58515625 0.153125 0.25625
0 0.54453125 0.221875 0.171875 0.2703125
0 0.8765625 0.5 0.1296875 0.15390625
0 0.3125 0.509375 0.23125 0.04921875
0 0.571875 0.71875 0.159375 0.21328125
0 0.5421875 0.46015625 0.16015625 0.08203125
0 0.74453125 0.43984375 0.225 0.303125
0 0.57578125 0.37421875 0.21171875 0.12421875
0 0.6984375 0.6609375 0.0625 0.2015625
0 0.36875 0.490625 0.203125 0.0359375
0 0.6921875 0.3546875 0.109375 0.13515625
0 0.6765625 0.4796875 0.06015625 0.134375