0 0.34296875 0.353125 0.375 0.27109375
0 0.4265625 0.496875 0.853125 0.9796875
0 0.7390625 0.32734375 0.12890625 0.12109375
0 0.0875 0.66640625 0.175 0.190625
0 0.784375 0.3109375 0.36796875 0.384375
0 0.06796875 0.8703125 0.13515625 0.19921875
0 0.61640625 0.17578125 0.134375 0.22421875
0 0.44375 0.1453125 0.1515625 0.253125
0 0.10703125 0.3625 0.1375 0.1265625
0 0.19296875 0.853125 0.13828125 0.1859375
0 0.9125 0.09453125 0.1734375 0.1859375
0 0.03984375 0.50234375 0.0796875 0.17890625
0 0.20078125 0.0640625 0.21796875 0.1234375
0 0.32421875 0.91171875 0.20703125 0.171875
0 0.32890625 0.784375 0.0796875 0.1328125
0 0.0296875 0.12890625 0.05703125 0.23125
0 0.115625 0.24765625 0.0421875 0.04375
0 0.309375 0.63203125 0.21328125 0.16015625
0 0.121875 0.559375 0.10078125 0.221875