0 0.93046875 0.27421875 0.0875 0.128125
0 0.6140625 0.190625 0.18515625 0.328125
0 0.42578125 0.23515625 0.3015625 0.4703125
0 0.19296875 0.44375 0.253125 0.19375
0 0.83984375 0.5875 0.3125 0.03046875
0 0.81328125 0.61796875 0.3734375 0.2671875
0 0.9234375 0.9484375 0.15234375 0.103125
0 0.98671875 0.8078125 0.0265625 0.15390625
0 0.696875 0.35625 0.4390625 0.3
0 0.95546875 0.26875 0.0890625 0.3984375
0 0.5859375 0.78359375 0.31796875 0.39609375
0 0.325 0.5953125 0.25625 0.2625
0 0.18359375 0.78359375 0.3671875 0.4328125
0 0.5625 0.55546875 0.24375 0.14140625
0 0.85546875 0.87578125 0.0703125 0.2484375