0 0.69609375 0.35546875 0.17109375 0.19375
0 0.0765625 0.74921875 0.11015625 0.1703125
0 0.56640625 0.746875 0.09765625 0.1890625
0 0.0703125 0.4828125 0.03125 0.04453125
0 0.03203125 0.075 0.0640625 0.05859375
0 0.4625 0.59453125 0.2328125 0.18046875
0 0.021875 0.86953125 0.04375 0.2234375
0 0.42578125 0.30390625 0.2859375 0.32890625
0 0.74921875 0.3203125 0.05234375 0.0453125
0 0.08359375 0.57109375 0.1203125 0.1875
0 0.76328125 0.71484375 0.4 0.36640625
0 0.02109375 0.7328125 0.0421875 0.1171875
0 0.059375 0.20859375 0.11875 0.25625
0 0.98515625 0.090625 0.0296875 0.01875
0 0.34921875 0.10859375 0.0390625 0.0484375
0 0.0671875 0.6140625 0.0296875 0.034375
0 0.23515625 0.484375 0.296875 0.08984375
0 0.309375 0.08359375 0.0609375 0.05859375
0 0.90078125 0.04140625 0.02578125 0.0328125
0 0.5859375 0.0234375 0.29921875 0.04609375
0 0.99296875 0.01875 0.0140625 0.0375