0 0.83203125 0.4125 0.240625 0.03125
0 0.3109375 0.18984375 0.28046875 0.33671875
0 0.57109375 0.16015625 0.15390625 0.3203125
0 0.79765625 0.696875 0.4046875 0.346875
0 0.69765625 0.33203125 0.3359375 0.278125
0 0.60546875 0.5 0.7890625 1
0 0.1125 0.15234375 0.225 0.3046875
0 0.82109375 0.140625 0.23828125 0.2
0 0.73046875 0.07890625 0.159375 0.12890625
0 0.2984375 0.021875 0.29609375 0.04296875
0 0.9703125 0.090625 0.059375 0.17734375
0 0.8953125 0.02265625 0.16328125 0.0453125
0 0.928125 0.5609375 0.14375 0.165625
0 0.93671875 0.93828125 0.090625 0.12265625
0 0.98515625 0.88046875 0.0296875 0.1390625
0 0.3328125 0.44296875 0.1875 0.14609375
0 0.99140625 0.46328125 0.0171875 0.0515625
0 0.75859375 0.0078125 0.04375 0.01484375