0 0.0625 0.54609375 0.07890625 0.065625
0 0.03828125 0.09921875 0.0765625 0.1109375
0 0.00859375 0.46328125 0.0171875 0.05078125
0 0.02890625 0.528125 0.0328125 0.0328125
0 0.11953125 0.42265625 0.2390625 0.21875
0 0.06171875 0.6796875 0.1234375 0.14375
0 0.4125 0.38828125 0.23671875 0.225
0 0.1140625 0.7375 0.06328125 0.15234375
0 0.5390625 0.315625 0.20234375 0.3421875
0 0.61953125 0.77578125 0.11640625 0.20078125
0 0.58984375 0.61484375 0.12265625 0.15703125
0 0.31640625 0.7140625 0.36328125 0.3015625