0 0.90390625 0.1859375 0.19140625 0.17265625
0 0.58515625 0.13125 0.0734375 0.065625
0 0.928125 0.06015625 0.14375 0.11953125
0 0.0328125 0.06015625 0.065625 0.1203125
0 0.9671875 0.4453125 0.065625 0.10078125
0 0.93203125 0.36484375 0.07109375 0.084375
0 0.61875 0.24765625 0.25234375 0.3296875
0 0.9546875 0.621875 0.090625 0.17578125
0 0.06796875 0.890625 0.0203125 0.02421875
0 0.89609375 0.91328125 0.2078125 0.1734375
0 0.83515625 0.62890625 0.10703125 0.14765625
0 0.0125 0.821875 0.025 0.03125
0 0.01875 0.78828125 0.03671875 0.03125
0 0.5859375 0.6734375 0.18203125 0.2421875
0 0.31015625 0.24609375 0.25625 0.3453125
0 0.08984375 0.31640625 0.1796875 0.34296875
0 0.3890625 0.77109375 0.20625 0.40546875
0 0.78125 0.05546875 0.2046875 0.1109375
0 0.73671875 0.45078125 0.42890625 0.23203125
0 0.803125 0.25625 0.13359375 0.1953125
0 0.80625 0.9609375 0.15859375 0.07734375
0 0.3875 0.45859375 0.10546875 0.1703125
0 0.78359375 0.7484375 0.24453125 0.14453125