0 0.0953125 0.084375 0.190625 0.16875
0 0.065625 0.22421875 0.13125 0.1390625
0 0.0515625 0.38828125 0.103125 0.1953125
0 0.86015625 0.83671875 0.09921875 0.23359375
0 0.7734375 0.93046875 0.38359375 0.13828125
0 0.93671875 0.0421875 0.12578125 0.084375
0 0.8953125 0.19921875 0.209375 0.27734375
0 0.746875 0.15703125 0.32265625 0.3140625
0 0.35390625 0.31015625 0.2890625 0.33125
0 0.5 0.5 1 1
0 0.58203125 0.27578125 0.16796875 0.284375
0 0.93984375 0.4265625 0.1203125 0.225
0 0.41015625 0.3484375 0.1140625 0.10390625
0 0.9578125 0.6671875 0.084375 0.27109375
0 0.771875 0.4015625 0.4046875 0.21484375
0 0.75546875 0.575 0.2640625 0.16015625
0 0.15859375 0.30703125 0.16640625 0.16640625
0 0.6578125 0.77109375 0.24140625 0.43359375
0 0.940625 0.88203125 0.0765625 0.23515625
0 0.26953125 0.04375 0.02421875 0.0203125
0 0.25078125 0.02890625 0.02734375 0.02578125