0 0.66328125 0.40078125 0.0890625 0.20625
0 0.44140625 0.67109375 0.2109375 0.2078125
0 0.221875 0.79296875 0.13203125 0.203125
0 0.7125 0.70546875 0.13515625 0.1546875
0 0.18046875 0.49453125 0.20390625 0.259375
0 0.4640625 0.23046875 0.20234375 0.18984375
0 0.1140625 0.240625 0.228125 0.2078125
0 0.790625 0.52265625 0.215625 0.234375
0 0.16640625 0.36875 0.22578125 0.11484375
0 0.0484375 0.6875 0.096875 0.1453125
0 0.665625 0.80390625 0.0859375 0.1421875
0 0.1734375 0.684375 0.096875 0.11328125
0 0.078125 0.91875 0.15546875 0.15390625
0 0.05 0.56328125 0.1 0.140625
0 0.07734375 0.7828125 0.1515625 0.12890625
0 0.0421875 0.04765625 0.084375 0.0953125
0 0.290625 0.2234375 0.15078125 0.1859375
0 0.8203125 0.7859375 0.2359375 0.2703125
0 0.15859375 0.075 0.10859375 0.14765625
0 0.396875 0.43125 0.0890625 0.159375
0 0.74375 0.63359375 0.04765625 0.034375
0 0.296875 0.9515625 0.07421875 0.09453125
0 0.01328125 0.10625 0.025 0.0515625
0 0.1875 0.04375 0.04921875 0.05625
0 0.26015625 0.95390625 0.03515625 0.084375
0 0.03515625 0.50859375 0.06875 0.04921875
0 0.32265625 0.1875 0.05234375 0.05078125
0 0.1109375 0.74140625 0.075 0.05859375
0 0.6859375 0.02734375 0.1859375 0.0546875
0 0.01484375 0.04140625 0.02265625 0.0828125