0 0.66328125 0.334375 0.16015625 0.18125
0 0.0828125 0.70234375 0.103125 0.16015625
0 0.5421875 0.70078125 0.0921875 0.17734375
0 0.07734375 0.453125 0.02890625 0.04140625
0 0.0375 0.07109375 0.0671875 0.05546875
0 0.44453125 0.5578125 0.21875 0.16953125
0 0.0265625 0.8171875 0.05234375 0.21015625
0 0.4109375 0.2859375 0.26796875 0.30859375
0 0.7140625 0.30078125 0.04921875 0.0421875
0 0.08984375 0.5359375 0.1125 0.17578125
0 0.7265625 0.67109375 0.375 0.34375
0 0.02578125 0.6875 0.05078125 0.109375
0 0.06171875 0.19609375 0.121875 0.23984375
0 0.9390625 0.0859375 0.0359375 0.0171875
0 0.33828125 0.10234375 0.03671875 0.0453125
0 0.96796875 0.07421875 0.046875 0.03125
0 0.07421875 0.5765625 0.028125 0.03203125
0 0.23125 0.4546875 0.278125 0.084375
0 0.3015625 0.07890625 0.05703125 0.0546875
0 0.85625 0.0390625 0.02421875 0.03125
0 0.5609375 0.021875 0.28046875 0.04375
0 0.95625 0.01875 0.0390625 0.034375