0 0.0515625 0.60234375 0.03671875 0.0875
0 0.021875 0.63125 0.04375 0.05625
0 0.05234375 0.503125 0.075 0.128125
0 0.0171875 0.56171875 0.03359375 0.1078125
0 0.74453125 0.45390625 0.11171875 0.1453125
0 0.853125 0.43515625 0.125 0.125
0 0.08359375 0.6265625 0.16640625 0.3765625
0 0.78828125 0.25859375 0.1 0.1921875
0 0.91015625 0.30703125 0.1796875 0.1296875
0 0.6578125 0.3203125 0.23125 0.1390625
0 0.053125 0.1453125 0.10625 0.28984375
0 0.0625 0.075 0.08203125 0.09453125
0 0.0875 0.52890625 0.0515625 0.1171875