0 0.9390625 0.90859375 0.121875 0.1828125
0 0.8171875 0.90234375 0.14609375 0.19453125
0 0.91875 0.70546875 0.1625 0.2015625
0 0.8921875 0.59296875 0.10625 0.2359375
0 0.96875 0.5328125 0.0625 0.19375
0 0.07265625 0.1 0.1453125 0.19765625
0 0.36875 0.1859375 0.1421875 0.2390625
0 0.69375 0.66953125 0.22578125 0.17109375
0 0.8984375 0.2625 0.0453125 0.04609375
0 0.9078125 0.38203125 0.14609375 0.1390625
0 0.19140625 0.3296875 0.3828125 0.40546875
0 0.67421875 0.8296875 0.08828125 0.1453125
0 0.80625 0.0671875 0.23984375 0.1296875
0 0.24140625 0.3484375 0.13125 0.12421875
0 0.54921875 0.15625 0.1609375 0.26953125
0 0.5546875 0.50390625 0.890625 0.9921875
0 0.9796875 0.1328125 0.040625 0.23828125
0 0.6578125 0.37265625 0.4 0.28828125
0 0.67109375 0.05703125 0.140625 0.096875
0 0.26953125 0.0875 0.278125 0.16796875
0 0.69296875 0.51484375 0.109375 0.065625
0 0.6765625 0.94375 0.2203125 0.1125