0 0.94609375 0.71796875 0.1078125 0.31796875
0 0.753125 0.90390625 0.078125 0.1921875
0 0.9453125 0.62734375 0.0828125 0.109375
0 0.8546875 0.83515625 0.24140625 0.159375
0 0.8765625 0.05703125 0.165625 0.1140625
0 0.7078125 0.1078125 0.22265625 0.215625
0 0.46328125 0.0140625 0.1546875 0.028125
0 0.775 0.6703125 0.096875 0.125
0 0.96640625 0.27890625 0.06640625 0.24609375
0 0.05859375 0.04765625 0.1171875 0.09453125
0 0.87109375 0.2109375 0.11875 0.21328125
0 0.396875 0.096875 0.2015625 0.1875
0 0.07421875 0.24765625 0.1484375 0.3796875
0 0.55078125 0.47734375 0.8984375 0.9546875
0 0.6703125 0.28046875 0.30234375 0.31171875
0 0.80234375 0.4375 0.3953125 0.20625
0 0.234375 0.05234375 0.2703125 0.1046875