0 0.68046875 0.44296875 0.19375 0.09140625
0 0.7625 0.378125 0.12734375 0.04375
0 0.88671875 0.30625 0.13125 0.2109375
0 0.834375 0.540625 0.29765625 0.28359375
0 0.628125 0.31171875 0.2328125 0.159375
0 0.63828125 0.58671875 0.07578125 0.13046875
0 0.7203125 0.475 0.09296875 0.0796875
0 0.5890625 0.37109375 0.146875 0.1046875
0 0.19453125 0.865625 0.1421875 0.13359375
0 0.24296875 0.928125 0.1296875 0.14375
0 0.23359375 0.621875 0.16015625 0.2109375
0 0.10859375 0.79453125 0.2171875 0.1296875
0 0.28125 0.8390625 0.0671875 0.12265625
0 0.18671875 0.78203125 0.0578125 0.02578125
0 0.75390625 0.6015625 0.11875 0.18046875
0 0.421875 0.821875 0.13671875 0.11484375
0 0.37890625 0.765625 0.165625 0.13984375