0 0.39453125 0.196875 0.26015625 0.3765625
0 0.32265625 0.3859375 0.3640625 0.27421875
0 0.77421875 0.21796875 0.353125 0.28203125
0 0.42578125 0.5078125 0.85078125 0.98359375
0 0.2953125 0.66328125 0.3390625 0.29453125
0 0.97265625 0.034375 0.04453125 0.0453125
0 0.98515625 0.08203125 0.01875 0.01796875
0 0.17265625 0.9125 0.34453125 0.17421875
0 0.94609375 0.0765625 0.02421875 0.02734375
0 0.92421875 0.07421875 0.02265625 0.0234375
0 0.6265625 0.378125 0.19609375 0.265625
0 0.09296875 0.7015625 0.1296875 0.228125
0 0.21640625 0.8578125 0.12890625 0.12421875
0 0.06796875 0.2359375 0.134375 0.36328125
0 0.246875 0.15859375 0.10859375 0.19375
0 0.0359375 0.0578125 0.07109375 0.04921875
0 0.028125 0.8140625 0.05625 0.078125
0 0.02421875 0.128125 0.04765625 0.05234375
0 0.13125 0.51484375 0.16484375 0.1
0 0.203125 0.06328125 0.08203125 0.0828125
0 0.16015625 0.16015625 0.10703125 0.02734375
0 0.034375 0.56328125 0.065625 0.078125
0 0.5578125 0.059375 0.07734375 0.10625