0 0.77578125 0.753125 0.08828125 0.06171875
0 0.80078125 0.7953125 0.078125 0.059375
0 0.76640625 0.8578125 0.08046875 0.10078125
0 0.7484375 0.67421875 0.07265625 0.1078125
0 0.67578125 0.81953125 0.0890625 0.09921875
0 0.821875 0.54375 0.0875 0.090625
0 0.80078125 0.4796875 0.07265625 0.046875
0 0.6578125 0.69375 0.03515625 0.03671875
0 0.684375 0.728125 0.059375 0.07421875
0 0.7265625 0.471875 0.04609375 0.02734375
0 0.81015625 0.42109375 0.05 0.06796875
0 0.1765625 0.42421875 0.12421875 0.1453125
0 0.1296875 0.55390625 0.12265625 0.07890625
0 0.17734375 0.5046875 0.0859375 0.0953125
0 0.2359375 0.47265625 0.04140625 0.0546875
0 0.290625 0.24609375 0.0421875 0.06328125
0 0.27421875 0.12890625 0.07890625 0.07421875
0 0.31796875 0.1125 0.04375 0.13203125
0 0.30625 0.490625 0.13671875 0.11875
0 0.3421875 0.2265625 0.07421875 0.10390625
0 0.39921875 0.08671875 0.09609375 0.1359375
0 0.2640625 0.61953125 0.11171875 0.13203125