0 0.90546875 0.10546875 0.1890625 0.20390625
0 0.9328125 0.2578125 0.134375 0.1265625
0 0.94375 0.40625 0.10546875 0.178125
0 0.20078125 0.8140625 0.090625 0.2125
0 0.28046875 0.915625 0.34921875 0.15703125
0 0.12421875 0.065625 0.1296875 0.12734375
0 0.13203125 0.234375 0.2640625 0.25234375
0 0.3046875 0.17265625 0.29375 0.3328125
0 0.6625 0.334375 0.26328125 0.3015625
0 0.53515625 0.48671875 0.9296875 0.9734375
0 0.4546875 0.30390625 0.153125 0.25859375
0 0.09453125 0.44140625 0.17890625 0.2046875
0 0.61015625 0.3703125 0.10390625 0.09453125
0 0.1046875 0.66015625 0.0921875 0.24609375
0 0.28125 0.41796875 0.36875 0.1953125
0 0.29609375 0.5765625 0.23984375 0.14609375
0 0.04453125 0.65625 0.08515625 0.2609375
0 0.8390625 0.3328125 0.1515625 0.1515625
0 0.38515625 0.7546875 0.21953125 0.39453125
0 0.6375 0.028125 0.23046875 0.0546875
0 0.04296875 0.86796875 0.0859375 0.2640625
0 0.128125 0.8640625 0.0703125 0.23125
0 0.73828125 0.0921875 0.02265625 0.01796875
0 0.75546875 0.07890625 0.025 0.0234375