0 0.91328125 0.0875 0.07421875 0.11953125
0 0.859375 0.15859375 0.096875 0.109375
0 0.87734375 0.2390625 0.125 0.1140625
0 0.69609375 0.07109375 0.284375 0.14140625
0 0.9734375 0.2390625 0.05234375 0.0953125
0 0.95 0.1203125 0.09921875 0.11875
0 0.5578125 0.14375 0.1234375 0.10546875
0 0.86484375 0.4984375 0.18125 0.09765625
0 0.525 0.08828125 0.121875 0.1765625
0 0.97734375 0.49765625 0.0453125 0.09296875
0 0.8921875 0.9296875 0.115625 0.1140625
0 0.8328125 0.7859375 0.13359375 0.15
0 0.55078125 0.7625 0.1234375 0.22109375
0 0.7375 0.91171875 0.0828125 0.1765625
0 0.80859375 0.66328125 0.1 0.090625
0 0.984375 0.95703125 0.03125 0.08515625
0 0.68984375 0.72109375 0.18671875 0.22265625
0 0.9515625 0.94609375 0.08671875 0.10234375
0 0.6015625 0.33984375 0.26796875 0.26484375
0 0.59375 0.92109375 0.25 0.1578125
0 0.965625 0.74296875 0.06875 0.1140625
0 0.44296875 0.5 0.8859375 1
0 0.63203125 0.54453125 0.14609375 0.10625
0 0.1796875 0.28046875 0.07890625 0.06640625
0 0.9578125 0.85 0.084375 0.09140625
0 0.4296875 0.15703125 0.275 0.31328125
0 0.565625 0.59765625 0.17421875 0.190625
0 0.68828125 0.46015625 0.2296875 0.12578125
0 0.93828125 0.63671875 0.12265625 0.11171875
0 0.81171875 0.346875 0.13359375 0.178125
0 0.7734375 0.6171875 0.071875 0.1046875
0 0.8328125 0.90390625 0.08125 0.1234375
0 0.94453125 0.22265625 0.04609375 0.09453125
0 0.9234375 0.365625 0.1015625 0.09375
0 0.9703125 0.38671875 0.059375 0.0734375
0 0.76640625 0.85390625 0.1078125 0.134375
0 0.92109375 0.46640625 0.05625 0.09375
0 0.78359375 0.15078125 0.17578125 0.1125
0 0.909375 0.30078125 0.08828125 0.09140625
0 0.5 0.51953125 0.06328125 0.1078125
0 0.14296875 0.29296875 0.025 0.08984375