0 0.87265625 0.9390625 0.2140625 0.121875
0 0.72109375 0.928125 0.10546875 0.14375
0 0.9671875 0.83828125 0.065625 0.21484375
0 0.9578125 0.69375 0.08359375 0.08125
0 0.96015625 0.965625 0.0796875 0.06875
0 0.63828125 0.9203125 0.07109375 0.159375
0 0.8984375 0.784375 0.0734375 0.09140625
0 0.1234375 0.775 0.2453125 0.23828125
0 0.753125 0.4609375 0.1125 0.20859375
0 0.375 0.615625 0.20859375 0.140625
0 0.97109375 0.6046875 0.0578125 0.08828125
0 0.84140625 0.55859375 0.22421875 0.2734375
0 0.55703125 0.46171875 0.14609375 0.23515625
0 0.41328125 0.50703125 0.225 0.134375
0 0.20625 0.51875 0.2234375 0.25
0 0.66875 0.20625 0.16640625 0.28125
0 0.89765625 0.2 0.2046875 0.26640625
0 0.8578125 0.371875 0.246875 0.14140625
0 0.4109375 0.8140625 0.234375 0.3125
0 0.965625 0.3296875 0.06796875 0.1296875
0 0.82265625 0.79375 0.2265625 0.128125