0 0.89296875 0.2140625 0.2140625 0.31015625
0 0.6921875 0.89765625 0.10078125 0.15390625
0 0.8375 0.9203125 0.2046875 0.15546875
0 0.64296875 0.19765625 0.16015625 0.265625
0 0.40234375 0.78203125 0.21015625 0.290625
0 0.6140625 0.88359375 0.0671875 0.15859375
0 0.4078125 0.4875 0.2265625 0.13203125
0 0.36171875 0.59140625 0.19921875 0.13515625
0 0.80625 0.5390625 0.215625 0.26875
0 0.2015625 0.4984375 0.21015625 0.24453125
0 0.9515625 0.5796875 0.096875 0.0890625
0 0.8625 0.75234375 0.0703125 0.0875
0 0.12265625 0.74375 0.234375 0.2265625
0 0.5296875 0.44375 0.15078125 0.221875
0 0.9484375 0.80390625 0.103125 0.20546875
0 0.93984375 0.6640625 0.1203125 0.078125
0 0.9734375 0.94921875 0.053125 0.10078125
0 0.7234375 0.44296875 0.10859375 0.2015625
0 0.9890625 0.23203125 0.021875 0.07578125
0 0.93671875 0.94609375 0.109375 0.10703125
0 0.97421875 0.69609375 0.0515625 0.0578125