0 0.2 0.884375 0.1953125 0.14765625
0 0.33828125 0.8625 0.0953125 0.14609375
0 0.0875 0.77265625 0.1125 0.19609375
0 0.0484375 0.91484375 0.09375 0.1015625
0 0.09453125 0.64140625 0.13125 0.07421875
0 0.10546875 0.9109375 0.1046875 0.10546875
0 0.0234375 0.8265625 0.046875 0.06875
0 0.41328125 0.85 0.0640625 0.14921875
0 0.04765625 0.6703125 0.09453125 0.05546875
0 0.1765625 0.7234375 0.0671875 0.0828125
0 0.88203125 0.715625 0.2234375 0.21640625
0 0.0234375 0.52421875 0.0453125 0.09375
0 0.30859375 0.4296875 0.10234375 0.18984375
0 0.653125 0.56953125 0.18984375 0.128125
0 0.0828125 0.5609375 0.1078125 0.08046875
0 0.228125 0.51796875 0.20390625 0.2484375
0 0.0328125 0.228125 0.065625 0.071875
0 0.48671875 0.4296875 0.1328125 0.2140625
0 0.61796875 0.47109375 0.2046875 0.12265625
0 0.80625 0.48203125 0.203125 0.228125
0 0.38515625 0.196875 0.1515625 0.25625
0 0.13984375 0.1921875 0.2625 0.2421875
0 0.21328125 0.34765625 0.225 0.12890625
0 0.6203125 0.75078125 0.21328125 0.284375
0 0.075 0.31015625 0.14296875 0.11796875
0 0.2453125 0.7328125 0.20625 0.1171875
0 0.13515625 0.971875 0.1078125 0.053125