0 0.5140625 0.47890625 0.6953125 0.928125
0 0.68671875 0.65 0.34453125 0.2828125
0 0.58515625 0.4796875 0.2625 0.159375
0 0.23671875 0.31953125 0.2828125 0.27421875
0 0.8625 0.25703125 0.16796875 0.19375
0 0.46484375 0.32578125 0.07890625 0.1171875
0 0.74375 0.45390625 0.15546875 0.2125
0 0.49375 0.409375 0.084375 0.0421875
0 0.9109375 0.1296875 0.10390625 0.07421875
0 0.6390625 0.02578125 0.171875 0.0515625
0 0.9546875 0.16328125 0.090625 0.0265625
0 0.584375 0.4671875 0.19765625 0.0203125
0 0.9828125 0.24609375 0.034375 0.08359375
0 0.4765625 0.4703125 0.0921875 0.03046875