0 0.1 0.7546875 0.1984375 0.13515625
0 0.06328125 0.8578125 0.12421875 0.10546875
0 0.2453125 0.8390625 0.06015625 0.1546875
0 0.06640625 0.63046875 0.1296875 0.09375
0 0.065625 0.953125 0.13125 0.084375
0 0.25546875 0.6046875 0.1375 0.12734375
0 0.03828125 0.56953125 0.0765625 0.05703125
0 0.3921875 0.8734375 0.16015625 0.24921875
0 0.27734375 0.9515625 0.08671875 0.0875
0 0.29140625 0.490625 0.1671875 0.16015625
0 0.03671875 0.47265625 0.04921875 0.0734375
0 0.075 0.134375 0.13359375 0.11953125
0 0.0875 0.321875 0.1734375 0.190625
0 0.2125 0.1796875 0.08671875 0.11328125
0 0.06015625 0.0625 0.1203125 0.09375
0 0.34609375 0.34453125 0.15703125 0.09765625
0 0.67734375 0.8375 0.16796875 0.17890625
0 0.47578125 0.384375 0.06328125 0.04140625
0 0.7015625 0.69453125 0.12421875 0.0796875
0 0.1765625 0.24375 0.134375 0.2046875
0 0.78984375 0.6921875 0.10625 0.04375
0 0.8546875 0.4234375 0.16484375 0.165625
0 0.43203125 0.49453125 0.1390625 0.1671875
0 0.65 0.62265625 0.12890625 0.09140625
0 0.58515625 0.70546875 0.1265625 0.17734375
0 0.665625 0.45 0.2171875 0.18515625
0 0.52890625 0.82109375 0.08984375 0.18515625
0 0.71640625 0.265625 0.2125 0.2
0 0.93203125 0.2859375 0.13515625 0.20703125
0 0.1515625 0.87578125 0.13203125 0.19921875
0 0.1171875 0.47109375 0.16484375 0.15859375
0 0.70390625 0.7515625 0.07578125 0.0640625
0 0.7890625 0.7921875 0.128125 0.15234375
0 0.921875 0.75234375 0.15625 0.1390625
0 0.60703125 0.2390625 0.16171875 0.22265625
0 0.59296875 0.06640625 0.13828125 0.13203125
0 0.85625 0.13984375 0.2375 0.27890625
0 0.209375 0.0625 0.1859375 0.12421875
0 0.5 0.6125 0.08515625 0.12578125
0 0.3703125 0.13515625 0.165625 0.2484375
0 0.83359375 0.56640625 0.146875 0.15546875
0 0.425 0.06796875 0.14375 0.1359375
0 0.94453125 0.49609375 0.11015625 0.16875
0 0.3953125 0.67890625 0.22578125 0.20390625
0 0.70859375 0.9546875 0.09609375 0.08515625
0 0.5875 0.34765625 0.08203125 0.0609375