0 0.07890625 0.72890625 0.14765625 0.2984375
0 0.28359375 0.90625 0.0734375 0.1859375
0 0.103125 0.64375 0.07734375 0.10234375
0 0.18828125 0.83828125 0.22578125 0.14921875
0 0.03046875 0.6421875 0.06015625 0.23359375
0 0.16796875 0.0921875 0.1546875 0.14296875
0 0.32578125 0.1515625 0.209375 0.2125
0 0.02578125 0.18359375 0.0515625 0.1890625
0 0.01875 0.4453125 0.0359375 0.09296875
0 0.55546875 0.04140625 0.1453125 0.08125
0 0.2625 0.684375 0.09140625 0.1171875
0 0.0578125 0.3171875 0.11328125 0.23125
0 0.93984375 0.07265625 0.1203125 0.14453125
0 0.17265625 0.253125 0.1109375 0.2
0 0.6171875 0.14609375 0.1890625 0.17578125
0 0.925 0.2890625 0.1484375 0.35625
0 0.44765625 0.47578125 0.89453125 0.9515625
0 0.3609375 0.31875 0.2828125 0.2921875
0 0.2265625 0.4671875 0.39375 0.19296875
0 0.7703125 0.07734375 0.253125 0.15390625