0 0.06953125 0.25546875 0.08046875 0.11796875
0 0.3609375 0.178125 0.17109375 0.30234375
0 0.534375 0.21796875 0.278125 0.4359375
0 0.7484375 0.41171875 0.23359375 0.17890625
0 0.15234375 0.54375 0.28828125 0.028125
0 0.175 0.571875 0.3484375 0.24609375
0 0.0734375 0.9015625 0.14453125 0.14296875
0 0.01484375 0.746875 0.0296875 0.1421875
0 0.284375 0.33046875 0.4046875 0.2765625
0 0.04375 0.25 0.08671875 0.3671875
0 0.38671875 0.725 0.29296875 0.365625
0 0.62734375 0.5515625 0.23671875 0.2421875
0 0.79453125 0.7375 0.4109375 0.421875
0 0.40859375 0.5140625 0.225 0.13046875
0 0.1390625 0.81328125 0.06484375 0.23515625