0 0.6453125 0.3125 0.17109375 0.19375
0 0.040625 0.70546875 0.08125 0.1703125
0 0.51640625 0.70390625 0.09765625 0.1890625
0 0.01953125 0.43984375 0.03125 0.04453125
0 0.41171875 0.5515625 0.2328125 0.18046875
0 0.37578125 0.2609375 0.2859375 0.32890625
0 0.69921875 0.27734375 0.05234375 0.0453125
0 0.04609375 0.5265625 0.0921875 0.1875
0 0.7125 0.671875 0.4 0.36640625
0 0.034375 0.165625 0.06796875 0.25625
0 0.93984375 0.04765625 0.03828125 0.01875
0 0.2984375 0.06484375 0.0390625 0.0484375
0 0.96953125 0.03515625 0.05 0.0328125
0 0.01640625 0.57109375 0.0296875 0.034375
0 0.184375 0.44140625 0.296875 0.08984375
0 0.259375 0.040625 0.0609375 0.05859375
0 0.84921875 0.00703125 0.0265625 0.0140625