0 0.97265625 0.72109375 0.0375 0.05
0 0.8921875 0.409375 0.09375 0.13671875
0 0.9078125 0.8140625 0.1578125 0.103125
0 0.84140625 0.28125 0.0953125 0.13125
0 0.95390625 0.415625 0.0921875 0.2234375
0 0.9640625 0.19375 0.071875 0.1890625
0 0.909375 0.11875 0.171875 0.23671875
0 0.7875 0.92578125 0.425 0.1484375
0 0.43125 0.45390625 0.05859375 0.03671875
0 0.17890625 0.0765625 0.040625 0.1125
0 0.40546875 0.3421875 0.0375 0.1890625
0 0.3546875 0.04921875 0.29921875 0.0984375
0 0.596875 0.3046875 0.13046875 0.175
0 0.5625 0.46171875 0.19453125 0.1703125
0 0.16328125 0.1015625 0.1484375 0.1625
0 0.62265625 0.5921875 0.16640625 0.04609375
0 0.384375 0.28828125 0.2515625 0.42109375
0 0.7390625 0.39921875 0.1921875 0.1796875
0 0.4578125 0.49921875 0.846875 0.9984375
0 0.58515625 0.1125 0.10234375 0.1515625
0 0.55078125 0.8546875 0.190625 0.22578125