0 0.3109375 0.52578125 0.5828125 0.3765625
0 0.23984375 0.73046875 0.17578125 0.26015625
0 0.084375 0.08984375 0.16796875 0.1
0 0.0875 0.7140625 0.17421875 0.18359375
0 0.46796875 0.80703125 0.1921875 0.2828125
0 0.04765625 0.85859375 0.0953125 0.02734375
0 0.09296875 0.95625 0.1859375 0.0875
0 0.75546875 0.334375 0.15234375 0.15625
0 0.80234375 0.30625 0.3953125 0.42890625
0 0.4875 0.47578125 0.2359375 0.0625
0 0.52890625 0.26875 0.1671875 0.3234375
0 0.34140625 0.03046875 0.028125 0.0609375
0 0.1046875 0.00234375 0.16875 0.0046875
0 0.1078125 0.04453125 0.215625 0.0890625
0 0.26796875 0.440625 0.36796875 0.08203125
0 0.5046875 0.77109375 0.05625 0.18046875
0 0.24375 0.88984375 0.2203125 0.18828125
0 0.1421875 0.8546875 0.08671875 0.084375
0 0.24609375 0.09140625 0.17578125 0.18203125
0 0.0609375 0.85546875 0.121875 0.2265625
0 0.05703125 0.32578125 0.10078125 0.0875
0 0.27890625 0.19453125 0.0828125 0.1359375
0 0.84453125 0.63359375 0.2328125 0.1859375
0 0.46484375 0.146875 0.034375 0.04765625