0 0.3171875 0.46171875 0.2203125 0.28671875
0 0.42890625 0.1921875 0.16171875 0.31328125
0 0.61796875 0.0828125 0.11171875 0.14140625
0 0.596875 0.2203125 0.146875 0.23671875
0 0.4140625 0.6421875 0.103125 0.19921875
0 0.74609375 0.06796875 0.10078125 0.1359375
0 0.81875 0.384375 0.20234375 0.2078125
0 0.8015625 0.146875 0.16015625 0.21171875
0 0.25390625 0.775 0.27890625 0.23984375
0 0.5359375 0.6875 0.11796875 0.15859375
0 0.628125 0.475 0.18359375 0.43046875
0 0.50234375 0.39140625 0.11875 0.4
0 0.45546875 0.8703125 0.146875 0.259375
0 0.76796875 0.5578125 0.13359375 0.18828125
0 0.65625 0.8296875 0.20546875 0.20390625
0 0.65234375 0.640625 0.0875 0.17578125
0 0.79921875 0.67109375 0.13203125 0.22734375
0 0.75234375 0.90234375 0.13046875 0.14765625
0 0.61171875 0.95078125 0.1765625 0.0984375
0 0.54921875 0.075 0.0921875 0.1390625
0 0.80859375 0.8625 0.1359375 0.275
0 0.68828125 0.18828125 0.06015625 0.1953125
0 0.7453125 0.9609375 0.115625 0.078125