0 0.071875 0.70859375 0.10703125 0.165625
0 0.0203125 0.82734375 0.040625 0.2171875
0 0.0296875 0.05234375 0.059375 0.0578125
0 0.01953125 0.69296875 0.03828125 0.11328125
0 0.065625 0.45 0.03046875 0.04375
0 0.2984375 0.06171875 0.059375 0.05703125
0 0.56796875 0.0125 0.2890625 0.025
0 0.05625 0.18125 0.1125 0.25
0 0.22265625 0.45390625 0.28046875 0.084375
0 0.72578125 0.29296875 0.05234375 0.0453125
0 0.07890625 0.5359375 0.1171875 0.18125
0 0.67421875 0.32890625 0.16796875 0.190625
0 0.446875 0.55859375 0.2265625 0.1765625
0 0.3359375 0.0859375 0.0359375 0.04765625
0 0.2203125 0.496875 0.34140625 0.2359375
0 0.54296875 0.70859375 0.09453125 0.18359375
0 0.41171875 0.275 0.26796875 0.31953125
0 0.7296875 0.67421875 0.39296875 0.353125