0 0.459375 0.3578125 0.35234375 0.3125
0 0.725 0.43984375 0.54921875 0.259375
0 0.615625 0.77734375 0.2609375 0.3765625
0 0.72578125 0.2265625 0.075 0.178125
0 0.825 0.0859375 0.096875 0.0546875
0 0.584375 0.08203125 0.22734375 0.1640625
0 0.10859375 0.63828125 0.2171875 0.16640625
0 0.978125 0.7453125 0.04375 0.2078125
0 0.94765625 0.63359375 0.1046875 0.07109375
0 0.72421875 0.93359375 0.465625 0.13203125
0 0.81875 0.965625 0.21796875 0.06875
0 0.51171875 0.2 0.1453125 0.20859375
0 0.84140625 0.884375 0.2375 0.1828125
0 0.36796875 0.72421875 0.1796875 0.2921875
0 0.26640625 0.4625 0.32578125 0.371875
0 0.93203125 0.1984375 0.1359375 0.20625
0 0.928125 0.075 0.14375 0.15
0 0.8265625 0.43359375 0.3140625 0.09765625
0 0.88984375 0.665625 0.08203125 0.14609375
0 0.98828125 0.47421875 0.0234375 0.1046875
0 0.81484375 0.01875 0.0625 0.03671875
0 0.81640625 0.13828125 0.2234375 0.06875
0 0.7265625 0.05 0.03828125 0.084375
0 0.4421875 0.675 0.0625 0.19375
0 0.9453125 0.565625 0.10859375 0.03984375
0 0.95703125 0.1109375 0.0859375 0.08046875
0 0.79296875 0.8609375 0.0875 0.09765625
0 0.0484375 0.98046875 0.096875 0.0390625