0 0.38671875 0.14453125 0.25078125 0.28828125
0 0.2046875 0.278125 0.40859375 0.3890625
0 0.78125 0.9375 0.4375 0.125
0 0.60078125 0.24765625 0.19765625 0.29296875
0 0.3296875 0.71875 0.44609375 0.5328125
0 0.784375 0.396875 0.4171875 0.2484375
0 0.27265625 0.33203125 0.1828125 0.15
0 0.590625 0.66875 0.21953125 0.2875
0 0.90859375 0.76640625 0.18203125 0.265625
0 0.9140625 0.10859375 0.17109375 0.21640625
0 0.76953125 0.11328125 0.225 0.22578125
0 0.96328125 0.5046875 0.0734375 0.13125
0 0.984375 0.43984375 0.03125 0.1640625
0 0.30078125 0.59453125 0.23671875 0.25
0 0.96796875 0.28828125 0.06328125 0.14140625
0 0.0484375 0.67734375 0.0234375 0.028125
0 0.68984375 0.79609375 0.1671875 0.2109375