0 0.7515625 0.46875 0.21484375 0.2796875
0 0.6421875 0.20546875 0.1578125 0.30546875
0 0.4578125 0.0984375 0.109375 0.13828125
0 0.47890625 0.2328125 0.14375 0.23125
0 0.65703125 0.64453125 0.10078125 0.19453125
0 0.33203125 0.075 0.0984375 0.15
0 0.2625 0.39296875 0.19765625 0.203125
0 0.27890625 0.1609375 0.15625 0.20625
0 0.81328125 0.7734375 0.271875 0.23359375
0 0.53828125 0.68828125 0.11484375 0.1546875
0 0.44765625 0.48125 0.17890625 0.41953125
0 0.5703125 0.39921875 0.11640625 0.390625
0 0.615625 0.86953125 0.14375 0.2609375
0 0.31171875 0.5625 0.13046875 0.18359375
0 0.4203125 0.82734375 0.20078125 0.19921875
0 0.425 0.64296875 0.08515625 0.171875
0 0.28125 0.67265625 0.12890625 0.221875
0 0.3265625 0.89765625 0.12734375 0.14375
0 0.46484375 0.94921875 0.171875 0.1015625
0 0.525 0.09140625 0.08984375 0.13515625
0 0.271875 0.8625 0.13203125 0.275
0 0.38984375 0.2015625 0.059375 0.190625
0 0.33359375 0.95859375 0.1109375 0.0828125