0 0.08828125 0.17265625 0.15 0.33046875
0 0.021875 0.253125 0.0421875 0.1515625
0 0.7484375 0.5765625 0.33828125 0.2515625
0 0.0921875 0.73984375 0.1796875 0.353125
0 0.64140625 0.2640625 0.30625 0.40625
0 0.2125 0.13984375 0.10546875 0.0859375
0 0.20625 0.93671875 0.41171875 0.12265625
0 0.36640625 0.334375 0.11171875 0.16015625
0 0.3171875 0.5765625 0.2484375 0.0953125
0 0.2875 0.49609375 0.33828125 0.128125
0 0.56796875 0.7 0.15078125 0.26484375
0 0.44296875 0.38125 0.1828125 0.1921875
0 0.121875 0.3828125 0.16953125 0.19765625
0 0.06953125 0.79921875 0.05625 0.1984375
0 0.290625 0.39453125 0.1015625 0.096875