0 0.7609375 0.084375 0.478125 0.1625
0 0.46171875 0.74375 0.2703125 0.40390625
0 0.27578125 0.38046875 0.48125 0.28359375
0 0.1140625 0.49375 0.17578125 0.1046875
0 0.54609375 0.47734375 0.8890625 0.9546875
0 0.071875 0.1953125 0.13203125 0.159375
0 0.775 0.40703125 0.36484375 0.27265625
0 0.51953125 0.32109375 0.1703125 0.2421875
0 0.53359375 0.24140625 0.10390625 0.12578125
0 0.0578125 0.109375 0.115625 0.096875
0 0.7296875 0.4453125 0.215625 0.046875
0 0.96484375 0.23671875 0.0671875 0.21875
0 0.2328125 0.03984375 0.16171875 0.0796875
0 0.05390625 0.328125 0.103125 0.1703125
0 0.07578125 0.96015625 0.15 0.07109375
0 0.184375 0.790625 0.21796875 0.2421875
0 0.22734375 0.609375 0.14453125 0.15546875
0 0.3546875 0.696875 0.15 0.21015625
0 0.23671875 0.7421875 0.071875 0.09140625
0 0.2203125 0.11328125 0.04140625 0.084375
0 0.046875 0.040625 0.09375 0.078125
0 0.03046875 0.4265625 0.0453125 0.07578125
0 0.40546875 0.49921875 0.2234375 0.22109375
0 0.12265625 0.91640625 0.08046875 0.040625
0 0.134375 0.0703125 0.0890625 0.1390625
0 0.33671875 0.15078125 0.10703125 0.0765625
0 0.16953125 0.2328125 0.14609375 0.04609375