0 0.17109375 0.91171875 0.3421875 0.1734375
0 0.215625 0.8578125 0.12734375 0.125
0 0.0921875 0.7015625 0.1296875 0.22734375
0 0.0359375 0.0578125 0.07109375 0.04921875
0 0.028125 0.81328125 0.05625 0.0765625
0 0.0671875 0.2375 0.1328125 0.36171875
0 0.02421875 0.12734375 0.04765625 0.05234375
0 0.32578125 0.3875 0.3703125 0.2703125
0 0.97265625 0.034375 0.04375 0.04375
0 0.94609375 0.0765625 0.02421875 0.02734375
0 0.92421875 0.07421875 0.02265625 0.0234375
0 0.77421875 0.21796875 0.3515625 0.28125
0 0.98515625 0.08203125 0.01875 0.01796875
0 0.5578125 0.059375 0.07734375 0.10546875
0 0.246875 0.15859375 0.10546875 0.1921875
0 0.03359375 0.56328125 0.06484375 0.078125
0 0.6265625 0.378125 0.19375 0.26640625
0 0.203125 0.0625 0.0796875 0.0828125
0 0.16171875 0.16015625 0.10546875 0.02578125
0 0.13125 0.51484375 0.16640625 0.10078125
0 0.3890625 0.19296875 0.253125 0.36875
0 0.29609375 0.66484375 0.3421875 0.296875
0 0.434375 0.5015625 0.86875 0.98984375