0 0.38515625 0.67734375 0.49921875 0.62109375
0 0.45 0.7265625 0.35 0.546875
0 0.69140625 0.628125 0.43203125 0.24609375
0 0.5765625 0.43515625 0.2671875 0.20625
0 0.49296875 0.56171875 0.1453125 0.1125
0 0.26953125 0.484375 0.2453125 0.23203125
0 0.446875 0.2140625 0.1703125 0.428125
0 0.72890625 0.4265625 0.10546875 0.17421875
0 0.121875 0.365625 0.21796875 0.18828125
0 0.91953125 0.79921875 0.12578125 0.2203125
0 0.89453125 0.4796875 0.21015625 0.15
0 0.9359375 0.27421875 0.11328125 0.2140625
0 0.91875 0.684375 0.1625 0.2515625
0 0.54921875 0.05546875 0.1140625 0.1109375
0 0.82890625 0.06484375 0.04140625 0.11640625
0 0.95 0.128125 0.1 0.165625
0 0.60859375 0.30859375 0.065625 0.0484375
0 0.8765625 0.0234375 0.246875 0.046875
0 0.6203125 0.92578125 0.11875 0.1484375
0 0.8015625 0.07578125 0.025 0.03671875
0 0.91328125 0.14765625 0.17265625 0.06015625
0 0.9625 0.04765625 0.0625 0.025
0 0.65 0.990625 0.04140625 0.01796875
0 0.46953125 0.79296875 0.10546875 0.3796875