0 0.65390625 0.18203125 0.2328125 0.271875
0 0.81640625 0.3078125 0.36640625 0.36171875
0 0.24765625 0.93125 0.4875 0.13671875
0 0.4546875 0.2796875 0.18359375 0.27265625
0 0.70703125 0.71796875 0.41484375 0.4953125
0 0.28359375 0.41875 0.38828125 0.23125
0 0.76015625 0.3578125 0.1703125 0.13984375
0 0.4640625 0.671875 0.2046875 0.2671875
0 0.1390625 0.7625 0.22890625 0.24765625
0 0.12109375 0.125 0.2421875 0.25
0 0.2984375 0.1296875 0.209375 0.259375
0 0.10390625 0.51953125 0.09765625 0.121875
0 0.05625 0.4578125 0.1125 0.153125
0 0.734375 0.60234375 0.2203125 0.2328125
0 0.071875 0.31796875 0.14140625 0.13125
0 0.96875 0.67890625 0.021875 0.0265625
0 0.371875 0.78984375 0.15546875 0.19609375
0 0.046875 0.17890625 0.09296875 0.0953125
0 0.0421875 0.59296875 0.084375 0.1140625
0 0.02265625 0.85078125 0.0453125 0.11875