0 0.03125 0.88125 0.059375 0.134375
0 0.0453125 0.11875 0.0875 0.171875
0 0.09296875 0.9359375 0.0875 0.11796875
0 0.29140625 0.1078125 0.15390625 0.12421875
0 0.02421875 0.47890625 0.0484375 0.04921875
0 0.19296875 0.42890625 0.228125 0.0296875
0 0.21171875 0.7046875 0.41953125 0.33359375
0 0.26484375 0.0234375 0.0421875 0.0453125
0 0.0875 0.57265625 0.16796875 0.16171875
0 0.696875 0.2140625 0.26953125 0.325
0 0.67578125 0.4578125 0.178125 0.140625
0 0.88828125 0.175 0.22265625 0.2984375
0 0.1390625 0.0375 0.1453125 0.07421875
0 0.44609375 0.175 0.15078125 0.33125
0 0.20234375 0.1671875 0.228125 0.1921875
0 0.32734375 0.35 0.33359375 0.2671875
0 0.71015625 0.0375 0.284375 0.07109375
0 0.77265625 0.69453125 0.3328125 0.3375
0 0.41953125 0.58125 0.1015625 0.17421875
0 0.50625 0.56796875 0.121875 0.1796875
0 0.5734375 0.6765625 0.08046875 0.1140625
0 0.64765625 0.5265625 0.0640625 0.08359375