0 0.796875 0.75390625 0.2171875 0.1453125
0 0.6015625 0.25546875 0.2234375 0.28671875
0 0.9 0.64296875 0.1546875 0.27265625
0 0.7234375 0.396875 0.4078125 0.22578125
0 0.88984375 0.21640625 0.1140625 0.2421875
0 0.69609375 0.8328125 0.07890625 0.2015625
0 0.60390625 0.090625 0.2109375 0.18125
0 0.2734375 0.08125 0.23046875 0.16171875
0 0.86328125 0.54453125 0.0734375 0.08046875
0 0.37265625 0.2578125 0.2421875 0.38125
0 0.16171875 0.45 0.3234375 0.215625
0 0.76015625 0.603125 0.12734375 0.1109375
0 0.93828125 0.55390625 0.0796875 0.20078125
0 0.54453125 0.759375 0.1484375 0.3265625
0 0.9703125 0.5875 0.05859375 0.153125
0 0.87578125 0.85078125 0.0765625 0.08828125
0 0.10703125 0.05390625 0.2140625 0.1078125
0 0.3640625 0.50390625 0.1375 0.2046875
0 0.94296875 0.125 0.1140625 0.25
0 0.7578125 0.1375 0.159375 0.275
0 0.75625 0.0296875 0.16015625 0.059375
0 0.54921875 0.51796875 0.15546875 0.1609375
0 0.96015625 0.3265625 0.0796875 0.13125
0 0.915625 0.871875 0.05703125 0.09453125
0 0.89140625 0.95703125 0.12109375 0.0859375