0 0.80625 0.43046875 0.2328125 0.0296875
0 0.30078125 0.2140625 0.271875 0.3265625
0 0.553125 0.175 0.14921875 0.33359375
0 0.7875 0.70703125 0.4234375 0.3375
0 0.67578125 0.35234375 0.32578125 0.26953125
0 0.6015625 0.51171875 0.796875 0.9765625
0 0.10859375 0.1765625 0.2171875 0.2984375
0 0.7953125 0.16640625 0.23046875 0.19375
0 0.70703125 0.10703125 0.1546875 0.125
0 0.2875 0.03671875 0.2875 0.07265625
0 0.9546875 0.11875 0.08828125 0.171875
0 0.86796875 0.03671875 0.1578125 0.0734375
0 0.9125 0.575 0.16796875 0.1609375
0 0.90703125 0.93984375 0.08828125 0.11875
0 0.96953125 0.88515625 0.06015625 0.13515625
0 0.321875 0.46015625 0.18203125 0.14140625
0 0.97578125 0.48046875 0.0484375 0.04921875
0 0.734375 0.02265625 0.04296875 0.0453125