0 0.8046875 0.41875 0.203125 0.25234375
0 0.74375 0.66875 0.2609375 0.02734375
0 0.54453125 0.29453125 0.18671875 0.51484375
0 0.75625 0.67734375 0.3203125 0.32734375
0 0.10390625 0.08203125 0.05390625 0.06484375
0 0.45078125 0.5984375 0.28359375 0.1578125
0 0.31484375 0.759375 0.51015625 0.265625
0 0.1875 0.16484375 0.125 0.1
0 0.2203125 0.72734375 0.2125 0.0578125
0 0.7390625 0.578125 0.1984375 0.075
0 0.434375 0.5890625 0.16015625 0.021875
0 0.05625 0.10234375 0.11171875 0.03359375
0 0.91171875 0.5453125 0.1765625 0.10625