0 0.27109375 0.62578125 0.42578125 0.24921875
0 0.6046875 0.2921875 0.26171875 0.4375
0 0.38046875 0.3109375 0.13828125 0.17890625
0 0.41875 0.5 0.83671875 1
0 0.41875 0.4734375 0.20546875 0.178125
0 0.0171875 0.19609375 0.034375 0.1984375
0 0.2296875 0.40625 0.2046875 0.184375
0 0.33828125 0.60625 0.21328125 0.05234375
0 0.578125 0.3484375 0.04140625 0.2015625
0 0.06875 0.840625 0.1375 0.1078125
0 0.028125 0.4265625 0.05546875 0.23359375
0 0.83125 0.10078125 0.1546875 0.1703125
0 0.63046875 0.0484375 0.30703125 0.096875
0 0.20078125 0.93984375 0.40078125 0.1203125
0 0.071875 0.1203125 0.14375 0.240625
0 0.1234375 0.2859375 0.1 0.13671875
0 0.39453125 0.20625 0.14921875 0.1890625
0 0.81328125 0.075 0.04296875 0.11875
0 0.071875 0.41953125 0.09765625 0.14296875
0 0.55078125 0.465625 0.0609375 0.0390625