0 0.234375 0.28203125 0.32109375 0.303125
0 0.12734375 0.4875 0.19765625 0.19765625
0 0.028125 0.23671875 0.05625 0.13046875
0 0.62890625 0.540625 0.0359375 0.0765625
0 0.03984375 0.346875 0.04375 0.14296875
0 0.76484375 0.66171875 0.30859375 0.2765625
0 0.3609375 0.78359375 0.284375 0.4328125
0 0.49921875 0.55078125 0.12265625 0.125
0 0.96875 0.18828125 0.03359375 0.02578125
0 0.9640625 0.05 0.02578125 0.021875
0 0.6578125 0.09453125 0.0578125 0.0265625
0 0.67578125 0.0296875 0.02265625 0.01875
0 0.58671875 0.021875 0.0265625 0.0203125
0 0.03046875 0.090625 0.0609375 0.06953125
0 0.04921875 0.565625 0.0359375 0.03359375
0 0.7109375 0.05859375 0.01796875 0.01640625
0 0.6953125 0.1953125 0.2046875 0.13125