0 0.790625 0.52265625 0.215625 0.23359375
0 0.71328125 0.70625 0.1359375 0.1546875
0 0.8203125 0.7859375 0.2359375 0.27109375
0 0.03515625 0.50859375 0.06875 0.0484375
0 0.05 0.56328125 0.1 0.140625
0 0.396875 0.43125 0.0890625 0.15859375
0 0.74375 0.63359375 0.04765625 0.034375
0 0.04765625 0.6875 0.09453125 0.14453125
0 0.26015625 0.95390625 0.03515625 0.084375
0 0.1734375 0.68515625 0.09609375 0.11328125
0 0.46328125 0.23046875 0.2015625 0.18984375
0 0.66328125 0.4 0.0890625 0.20546875
0 0.015625 0.04375 0.0234375 0.08671875
0 0.07578125 0.91796875 0.1515625 0.1546875
0 0.1875 0.04375 0.04765625 0.05546875
0 0.04296875 0.04765625 0.0859375 0.0953125
0 0.3234375 0.18828125 0.05234375 0.0515625
0 0.434375 0.66875 0.203125 0.209375
0 0.16875 0.36875 0.23359375 0.11953125
0 0.29140625 0.778125 0.04140625 0.165625
0 0.14921875 0.78203125 0.03515625 0.1
0 0.93671875 0.0453125 0.04765625 0.03984375
0 0.31015625 0.66640625 0.071875 0.084375
0 0.921875 0.38125 0.03671875 0.03828125
0 0.0296875 0.36171875 0.05703125 0.08359375
0 0.33203125 0.2359375 0.0796875 0.15390625
0 0.21484375 0.534375 0.08203125 0.08046875
0 0.29609375 0.9375 0.1015625 0.125
0 0.15078125 0.6078125 0.0328125 0.0375
0 0.0171875 0.853125 0.034375 0.0375
0 0.125 0.2515625 0.1515625 0.04375
0 0.125 0.12734375 0.04453125 0.028125