0 0.67734375 0.36171875 0.0953125 0.22109375
0 0.4390625 0.65234375 0.22578125 0.2234375
0 0.20390625 0.7828125 0.14140625 0.21796875
0 0.73046875 0.6890625 0.1453125 0.165625
0 0.16015625 0.46328125 0.21875 0.278125
0 0.46328125 0.1796875 0.2171875 0.203125
0 0.10546875 0.190625 0.21015625 0.22265625
0 0.8140625 0.49296875 0.23125 0.25078125
0 0.14453125 0.32734375 0.24140625 0.12265625
0 0.03515625 0.66953125 0.06953125 0.15546875
0 0.6796875 0.79453125 0.0921875 0.153125
0 0.15234375 0.66640625 0.10390625 0.12109375
0 0.06640625 0.9171875 0.1328125 0.16484375
0 0.03671875 0.53671875 0.07265625 0.15078125
0 0.06484375 0.77109375 0.1296875 0.1375
0 0.02890625 0.0171875 0.05703125 0.034375
0 0.278125 0.171875 0.16171875 0.19921875
0 0.8453125 0.775 0.253125 0.28984375
0 0.1359375 0.04609375 0.11640625 0.09140625
0 0.39140625 0.3953125 0.0953125 0.17109375
0 0.76328125 0.61171875 0.05078125 0.03671875
0 0.284375 0.95078125 0.0796875 0.0984375
0 0.24453125 0.9546875 0.0375 0.08984375
0 0.0203125 0.478125 0.040625 0.053125
0 0.31171875 0.13359375 0.05625 0.0546875
0 0.08515625 0.728125 0.08046875 0.06328125