0 0.0828125 0.70234375 0.103125 0.159375
0 0.0265625 0.8171875 0.05234375 0.209375
0 0.0375 0.07109375 0.0671875 0.05546875
0 0.02578125 0.6875 0.05078125 0.109375
0 0.07734375 0.45390625 0.0296875 0.0421875
0 0.3015625 0.07890625 0.05703125 0.0546875
0 0.56015625 0.021875 0.2796875 0.04375
0 0.06171875 0.1953125 0.121875 0.24140625
0 0.228125 0.45703125 0.2703125 0.08203125
0 0.71328125 0.3015625 0.05078125 0.04375
0 0.08984375 0.5359375 0.11328125 0.175
0 0.66328125 0.3359375 0.1625 0.18359375
0 0.44453125 0.5578125 0.21796875 0.1703125
0 0.3375 0.10234375 0.034375 0.04609375
0 0.22578125 0.4984375 0.32890625 0.228125
0 0.5375 0.70234375 0.09140625 0.1765625
0 0.4109375 0.284375 0.25859375 0.3078125
0 0.7171875 0.66953125 0.378125 0.340625