0 0.38125 0.23984375 0.24609375 0.4078125
0 0.071875 0.7859375 0.14375 0.16875
0 0.25625 0.4765625 0.4484375 0.2578125
0 0.04609375 0.88671875 0.09140625 0.11328125
0 0.78515625 0.61953125 0.4296875 0.2953125
0 0.109375 0.06953125 0.21875 0.1390625
0 0.07734375 0.16640625 0.1546875 0.1234375
0 0.1265625 0.88828125 0.159375 0.2234375
0 0.82109375 0.121875 0.03125 0.028125
0 0.3796875 0.040625 0.2375 0.08125
0 0.41484375 0.73671875 0.19609375 0.375
0 0.04765625 0.7015625 0.0953125 0.14765625
0 0.30703125 0.75390625 0.05625 0.11796875
0 0.64140625 0.9921875 0.2109375 0.015625
0 0.00625 0.91328125 0.0125 0.0734375
0 0.73203125 0.3765625 0.25234375 0.2265625
0 0.0421875 0.34375 0.084375 0.11953125
0 0.353125 0.9390625 0.15390625 0.10859375
0 0.76796875 0.8640625 0.2875 0.27109375
0 0.04296875 0.24375 0.0859375 0.140625
0 0.13984375 0.33359375 0.1609375 0.15546875
0 0.06640625 0.44765625 0.071875 0.11328125
0 0.60078125 0.9171875 0.13359375 0.15625
0 0.94921875 0.46484375 0.10078125 0.32421875
0 0.36796875 0.98671875 0.26953125 0.0265625
0 0.16953125 0.15546875 0.1640625 0.22578125
0 0.02109375 0.4390625 0.0421875 0.1015625