0 0.20390625 0.6109375 0.4078125 0.428125
0 0.3859375 0.04140625 0.665625 0.0828125
0 0.815625 0.84140625 0.103125 0.1328125
0 0.74453125 0.96640625 0.20078125 0.0671875
0 0.98203125 0.1296875 0.0359375 0.240625
0 0.909375 0.96015625 0.18046875 0.078125
0 0.896875 0.02578125 0.20625 0.0515625
0 0.98125 0.6546875 0.0375 0.07890625
0 0.9015625 0.3796875 0.10703125 0.0796875
0 0.84765625 0.18203125 0.3046875 0.3328125
0 0.753125 0.62421875 0.38203125 0.32734375
0 0.4671875 0.196875 0.2140625 0.3890625
0 0.52734375 0.6015625 0.1796875 0.26796875
0 0.87890625 0.128125 0.1765625 0.075
0 0.62890625 0.34765625 0.3328125 0.26640625
0 0.60625 0.0625 0.0484375 0.03671875
0 0.0765625 0.359375 0.15234375 0.34609375
0 0.05625 0.340625 0.0375 0.0390625
0 0.30546875 0.84609375 0.0328125 0.02578125
0 0.3390625 0.96875 0.190625 0.0625