0 0.215625 0.478125 0.05703125 0.084375
0 0.2515625 0.596875 0.090625 0.059375
0 0.1765625 0.5109375 0.0515625 0.153125
0 0.17265625 0.634375 0.0984375 0.07734375
0 0.109375 0.6078125 0.07578125 0.046875
0 0.11875 0.51953125 0.07578125 0.1203125
0 0.1609375 0.2421875 0.0484375 0.06953125
0 0.053125 0.559375 0.10546875 0.09453125
0 0.07578125 0.37421875 0.0546875 0.09375
0 0.10625 0.29140625 0.04921875 0.05
0 0.06875 0.6515625 0.1203125 0.04609375
0 0.028125 0.3203125 0.05625 0.04375
0 0.03828125 0.2296875 0.07578125 0.11328125
0 0.74140625 0.3765625 0.13828125 0.09140625
0 0.821875 0.4875 0.13046875 0.11953125
0 0.925 0.4265625 0.109375 0.071875
0 0.9171875 0.5109375 0.06171875 0.078125
0 0.846875 0.35859375 0.08203125 0.1390625
0 0.7875 0.20234375 0.0625 0.0984375
0 0.93984375 0.31484375 0.1203125 0.1515625
0 0.6921875 0.15703125 0.11328125 0.0828125
0 0.08984375 0.6921875 0.08359375 0.0953125
0 0.73828125 0.04921875 0.08984375 0.0984375
0 0.815625 0.0515625 0.071875 0.103125
0 0.85625 0.06640625 0.05 0.05390625
0 0.8 0.3484375 0.04921875 0.08046875
0 0.065625 0.19375 0.04140625 0.0984375
0 0.75859375 0.4640625 0.0375 0.034375