0 0.64453125 0.1875 0.2296875 0.2671875
0 0.8125 0.31171875 0.375 0.35625
0 0.24453125 0.92890625 0.4796875 0.1421875
0 0.4484375 0.284375 0.18125 0.26796875
0 0.696875 0.715625 0.40859375 0.4875
0 0.28046875 0.42109375 0.38203125 0.228125
0 0.74921875 0.3609375 0.16796875 0.1375
0 0.4578125 0.6703125 0.2015625 0.26328125
0 0.1375 0.759375 0.225 0.24375
0 0.12109375 0.128125 0.23828125 0.25546875
0 0.29453125 0.13203125 0.20625 0.2640625
0 0.103125 0.5203125 0.09609375 0.1203125
0 0.05625 0.4609375 0.11171875 0.15
0 0.7234375 0.60234375 0.21640625 0.22890625
0 0.07109375 0.321875 0.1390625 0.12890625
0 0.9546875 0.67734375 0.021875 0.02578125
0 0.3671875 0.7859375 0.153125 0.19296875
0 0.046875 0.18515625 0.09296875 0.09375
0 0.04296875 0.59375 0.08359375 0.11171875
0 0.0234375 0.846875 0.04453125 0.11640625