0 0.54140625 0.3109375 0.2 0.33515625
0 0.59140625 0.603125 0.1203125 0.15390625
0 0.6203125 0.7609375 0.1140625 0.196875
0 0.32265625 0.70078125 0.3546875 0.2921875
0 0.4203125 0.38203125 0.2359375 0.22109375
0 0.75 0.45546875 0.2875 0.228125
0 0.01953125 0.45546875 0.02265625 0.05
0 0.1265625 0.415625 0.2421875 0.2140625
0 0.0453125 0.1 0.08984375 0.10859375
0 0.12578125 0.72421875 0.06171875 0.14921875
0 0.07578125 0.53671875 0.078125 0.06484375
0 0.0078125 0.0640625 0.015625 0.01875
0 0.0421875 0.51875 0.03203125 0.03203125
0 0.06796875 0.6671875 0.134375 0.140625
0 0.859375 0.1328125 0.03359375 0.02265625