0 0.36640625 0.9015625 0.14453125 0.10234375
0 0.06171875 0.85234375 0.11640625 0.10703125
0 0.0234375 0.878125 0.04609375 0.06953125
0 0.15390625 0.87421875 0.14921875 0.2515625
0 0.0859375 0.75859375 0.16953125 0.15859375
0 0.3234375 0.72734375 0.053125 0.11015625
0 0.0625 0.67734375 0.1234375 0.1390625
0 0.09609375 0.43828125 0.06796875 0.10703125
0 0.03671875 0.4296875 0.0734375 0.09375
0 0.38046875 0.965625 0.25390625 0.0625
0 0.6390625 0.971875 0.1984375 0.05546875
0 0.165625 0.33046875 0.1515625 0.14609375
0 0.940625 0.45078125 0.11875 0.3015625
0 0.42578125 0.715625 0.18359375 0.34375
0 0.39765625 0.04765625 0.2140625 0.090625
0 0.19375 0.16328125 0.1578125 0.2125
0 0.09453125 0.17421875 0.16875 0.11875
0 0.0578125 0.24375 0.11484375 0.13828125
0 0.39765625 0.24453125 0.2328125 0.38671875
0 0.12421875 0.07265625 0.24609375 0.14453125
0 0.05703125 0.3421875 0.11328125 0.11328125
0 0.72578125 0.37109375 0.23671875 0.2171875
0 0.2828125 0.4515625 0.4 0.2171875
0 0.78203125 0.58515625 0.4328125 0.278125
0 0.234375 0.53125 0.228125 0.02265625
0 0.221875 0.56796875 0.3234375 0.196875
0 0.75703125 0.84453125 0.284375 0.28984375
0 0.05 0.47734375 0.09921875 0.0984375