0 0.71484375 0.40625 0.0984375 0.228125
0 0.46953125 0.7046875 0.2328125 0.2296875
0 0.22734375 0.8390625 0.1453125 0.225
0 0.76953125 0.74296875 0.15 0.1703125
0 0.18203125 0.51015625 0.225 0.2859375
0 0.49453125 0.21796875 0.2234375 0.209375
0 0.1171875 0.22890625 0.234375 0.22890625
0 0.85625 0.540625 0.23828125 0.25859375
0 0.165625 0.3703125 0.24921875 0.1265625
0 0.04453125 0.72265625 0.0890625 0.16015625
0 0.7171875 0.85078125 0.0953125 0.15703125
0 0.1734375 0.71953125 0.10703125 0.125
0 0.07734375 0.94609375 0.15390625 0.10703125
0 0.04609375 0.5859375 0.0921875 0.15546875
0 0.075 0.82734375 0.15 0.1421875
0 0.03828125 0.034375 0.07578125 0.06875
0 0.30390625 0.21015625 0.16640625 0.20546875
0 0.87890625 0.83125 0.2421875 0.2984375
0 0.15625 0.06328125 0.11875 0.1265625
0 0.4203125 0.43984375 0.0984375 0.17578125
0 0.80390625 0.66328125 0.05234375 0.0375
0 0.31015625 0.98046875 0.08203125 0.03828125
0 0.00546875 0.08046875 0.01015625 0.05703125
0 0.18828125 0.02109375 0.0546875 0.0421875
0 0.26953125 0.98515625 0.0390625 0.0296875
0 0.0296875 0.525 0.059375 0.0546875
0 0.3390625 0.17109375 0.0578125 0.05625
0 0.10546875 0.7828125 0.0828125 0.06484375
0 0.73984375 0.01171875 0.20546875 0.0234375
0 0.00546875 0.02734375 0.0109375 0.0546875