0 0.70859375 0.5375 0.5828125 0.3875
0 0.790625 0.74921875 0.18046875 0.26796875
0 0.93203125 0.0890625 0.1359375 0.103125
0 0.92890625 0.73203125 0.1421875 0.1890625
0 0.55546875 0.82734375 0.19765625 0.29140625
0 0.96953125 0.88046875 0.0609375 0.028125
0 0.92265625 0.96796875 0.1546875 0.0640625
0 0.259375 0.340625 0.15703125 0.1609375
0 0.2078125 0.3109375 0.415625 0.440625
0 0.53515625 0.4859375 0.24296875 0.0640625
0 0.49296875 0.2734375 0.171875 0.3328125
0 0.6859375 0.0296875 0.02890625 0.059375
0 0.9078125 0.04375 0.184375 0.0875
0 0.76171875 0.45 0.37890625 0.084375
0 0.51796875 0.790625 0.0578125 0.1859375
0 0.78671875 0.9078125 0.22734375 0.184375
0 0.89140625 0.8765625 0.0890625 0.08671875
0 0.78359375 0.0921875 0.18125 0.184375
0 0.95546875 0.87734375 0.08828125 0.23359375
0 0.96328125 0.33203125 0.07265625 0.090625
0 0.75 0.196875 0.08515625 0.140625
0 0.1671875 0.64921875 0.23984375 0.19140625
0 0.559375 0.14765625 0.03515625 0.0484375