0 0.79140625 0.4703125 0.05859375 0.0859375
0 0.7546875 0.59140625 0.0921875 0.0609375
0 0.83125 0.5046875 0.05234375 0.15625
0 0.83515625 0.63046875 0.10078125 0.07890625
0 0.9 0.60234375 0.07734375 0.04765625
0 0.890625 0.51328125 0.07734375 0.1234375
0 0.84765625 0.2296875 0.04921875 0.07109375
0 0.95234375 0.553125 0.0953125 0.096875
0 0.93515625 0.36484375 0.05546875 0.09609375
0 0.90390625 0.28046875 0.05 0.0515625
0 0.940625 0.646875 0.11875 0.046875
0 0.97734375 0.30859375 0.0453125 0.0453125
0 0.9671875 0.2171875 0.065625 0.115625
0 0.25546875 0.3671875 0.14140625 0.09375
0 0.17265625 0.4796875 0.13359375 0.12265625
0 0.06796875 0.41796875 0.11171875 0.0734375
0 0.075 0.50390625 0.06328125 0.0796875
0 0.14765625 0.3484375 0.08359375 0.1421875
0 0.20859375 0.1890625 0.06328125 0.10078125
0 0.05703125 0.30390625 0.1140625 0.1546875
0 0.30546875 0.14296875 0.115625 0.084375
0 0.9203125 0.6890625 0.0859375 0.096875
0 0.25859375 0.04140625 0.0921875 0.08203125
0 0.17890625 0.04375 0.0734375 0.0875
0 0.1375 0.05 0.05078125 0.05546875
0 0.19453125 0.33828125 0.05078125 0.08203125
0 0.94453125 0.18046875 0.0421875 0.10078125
0 0.2375 0.45625 0.03828125 0.03515625