0 0.76015625 0.25703125 0.3484375 0.32890625
0 0.87734375 0.4796875 0.2140625 0.2140625
0 0.97734375 0.20625 0.0453125 0.140625
0 0.33203125 0.5375 0.0390625 0.0828125
0 0.971875 0.3265625 0.046875 0.15546875
0 0.184375 0.66875 0.33515625 0.3
0 0.62265625 0.78359375 0.3078125 0.4328125
0 0.47265625 0.5484375 0.1328125 0.1359375
0 0.30078125 0.053125 0.06328125 0.02890625
0 0.97421875 0.04921875 0.0515625 0.07578125
0 0.9609375 0.5640625 0.0390625 0.03671875
0 0.24375 0.0140625 0.01953125 0.01796875
0 0.2609375 0.16171875 0.22265625 0.1421875