0 0.55703125 0.4796875 0.8859375 0.959375
0 0.11875 0.88125 0.234375 0.2375
0 0.34765625 0.27578125 0.23828125 0.29296875
0 0.2984375 0.50859375 0.44296875 0.2109375
0 0.128125 0.178125 0.25625 0.234375
0 0.3921875 0.76875 0.275 0.42890625
0 0.2953125 0.50078125 0.35625 0.05234375
0 0.71953125 0.23515625 0.33828125 0.4703125
0 0.4671875 0.09609375 0.2109375 0.1875
0 0.484375 0.3328125 0.15546875 0.2125
0 0.1296875 0.75 0.18984375 0.15
0 0.5859375 0.42578125 0.0953125 0.0828125
0 0.19296875 0.85390625 0.0921875 0.090625
0 0.540625 0.484375 0.12890625 0.07578125
0 0.23828125 0.8484375 0.04140625 0.12890625
0 0.2921875 0.05078125 0.0859375 0.10078125
0 0.371875 0.04140625 0.021875 0.0796875
0 0.1234375 0.0421875 0.24609375 0.08046875
0 0.67265625 0.29140625 0.08046875 0.15
0 0.30859375 0.88515625 0.26484375 0.22890625
0 0.02265625 0.5015625 0.03515625 0.03515625