0 0.0671875 0.8703125 0.134375 0.19921875
0 0.1921875 0.853125 0.13828125 0.1859375
0 0.08671875 0.66640625 0.1734375 0.19140625
0 0.121875 0.559375 0.1 0.22265625
0 0.03984375 0.503125 0.0796875 0.1828125
0 0.91328125 0.09453125 0.1734375 0.18671875
0 0.615625 0.17578125 0.134375 0.22578125
0 0.30859375 0.63203125 0.21328125 0.16171875
0 0.115625 0.24765625 0.0421875 0.04296875
0 0.10703125 0.3609375 0.1375 0.13125
0 0.784375 0.31171875 0.365625 0.3828125
0 0.32734375 0.7828125 0.08359375 0.13671875
0 0.20234375 0.06328125 0.22578125 0.121875
0 0.7359375 0.32890625 0.12421875 0.1171875
0 0.4453125 0.14765625 0.15234375 0.25390625
0 0.43046875 0.49765625 0.8609375 0.9796875
0 0.0296875 0.12578125 0.05859375 0.22578125
0 0.34296875 0.3515625 0.37734375 0.271875
0 0.33046875 0.05390625 0.1328125 0.09140625
0 0.709375 0.0828125 0.2625 0.15859375
0 0.309375 0.48515625 0.103125 0.06171875
0 0.325 0.91875 0.2078125 0.16171875