0 0.80390625 0.759375 0.21953125 0.146875
0 0.60703125 0.25625 0.225 0.28984375
0 0.90859375 0.646875 0.15625 0.27578125
0 0.73046875 0.39921875 0.41171875 0.228125
0 0.8984375 0.2171875 0.115625 0.24453125
0 0.70234375 0.8390625 0.0796875 0.20390625
0 0.609375 0.090625 0.2125 0.18125
0 0.27578125 0.08046875 0.2328125 0.1609375
0 0.87109375 0.54765625 0.07421875 0.08125
0 0.37578125 0.25859375 0.24453125 0.38515625
0 0.1625 0.453125 0.325 0.2171875
0 0.7671875 0.60703125 0.128125 0.1125
0 0.94765625 0.55703125 0.08046875 0.203125
0 0.54921875 0.76484375 0.15 0.3296875
0 0.975 0.590625 0.05 0.1546875
0 0.88359375 0.8578125 0.07734375 0.0890625
0 0.10859375 0.053125 0.2140625 0.10625
0 0.3671875 0.50703125 0.1390625 0.20625
0 0.946875 0.125 0.10546875 0.25
0 0.76484375 0.13828125 0.16015625 0.27578125
0 0.76328125 0.02890625 0.16171875 0.0578125
0 0.5546875 0.52109375 0.15703125 0.1625
0 0.9640625 0.328125 0.071875 0.13359375
0 0.92421875 0.878125 0.0578125 0.0953125
0 0.90078125 0.96015625 0.1234375 0.0796875