0 0.7 0.48984375 0.1984375 0.2578125
0 0.6 0.24765625 0.1453125 0.28203125
0 0.42890625 0.14921875 0.10078125 0.12734375
0 0.4484375 0.27265625 0.13203125 0.21328125
0 0.6125 0.65234375 0.09296875 0.1796875
0 0.3140625 0.121875 0.090625 0.15078125
0 0.24921875 0.4203125 0.18203125 0.18671875
0 0.26484375 0.20625 0.14375 0.190625
0 0.75703125 0.77109375 0.25078125 0.215625
0 0.503125 0.69296875 0.10625 0.1421875
0 0.4203125 0.50234375 0.165625 0.38671875
0 0.5328125 0.4265625 0.10703125 0.36015625
0 0.57578125 0.8703125 0.13203125 0.25859375
0 0.2953125 0.5765625 0.1203125 0.16953125
0 0.3953125 0.82109375 0.18515625 0.18359375
0 0.39921875 0.65078125 0.078125 0.15859375
0 0.2671875 0.678125 0.11875 0.2046875
0 0.30859375 0.8859375 0.1171875 0.1328125
0 0.4359375 0.940625 0.1578125 0.109375
0 0.49140625 0.1421875 0.0828125 0.125
0 0.25859375 0.86328125 0.12265625 0.2734375
0 0.36640625 0.24375 0.0546875 0.17578125
0 0.315625 0.95234375 0.103125 0.0953125