0 0.178125 0.54375 0.08671875 0.090625
0 0.25 0.6734375 0.07265625 0.10703125
0 0.81875 0.425 0.1234375 0.14453125
0 0.865625 0.55390625 0.12265625 0.078125
0 0.73203125 0.61875 0.1109375 0.13125
0 0.715625 0.5625 0.096875 0.0546875
0 0.6546875 0.22890625 0.07421875 0.103125
0 0.2234375 0.7515625 0.0875 0.06171875
0 0.68984375 0.490625 0.134375 0.115625
0 0.5984375 0.090625 0.0953125 0.13671875
0 0.2328125 0.85625 0.0796875 0.1
0 0.81875 0.50546875 0.08515625 0.09453125
0 0.1984375 0.79375 0.07734375 0.059375
0 0.3140625 0.72734375 0.059375 0.07421875
0 0.32265625 0.81796875 0.08828125 0.0984375
0 0.18984375 0.42265625 0.04921875 0.06796875
0 0.678125 0.11484375 0.04375 0.13125
0 0.721875 0.13125 0.07890625 0.0734375
0 0.1984375 0.48046875 0.071875 0.046875
0 0.27265625 0.47265625 0.04609375 0.02734375
0 0.340625 0.69296875 0.03515625 0.03671875
0 0.70625 0.2484375 0.04140625 0.06171875
0 0.76015625 0.4734375 0.040625 0.05390625