0 0.10234375 0.7078125 0.1 0.15859375
0 0.03828125 0.82890625 0.07578125 0.2109375
0 0.04765625 0.08359375 0.065625 0.053125
0 0.03671875 0.69375 0.07109375 0.0984375
0 0.56953125 0.69140625 0.103125 0.18515625
0 0.68515625 0.3140625 0.16484375 0.184375
0 0.7328125 0.28203125 0.059375 0.0515625
0 0.46328125 0.55234375 0.21015625 0.16640625
0 0.0671875 0.2125 0.13125 0.215625
0 0.1125 0.52578125 0.109375 0.15625
0 0.4234375 0.27109375 0.25390625 0.309375
0 0.74609375 0.65078125 0.41171875 0.3453125
0 0.09296875 0.4578125 0.02421875 0.040625