0 0.46484375 0.29140625 0.21015625 0.3515625
0 0.41328125 0.5984375 0.1265625 0.1609375
0 0.3828125 0.7640625 0.1203125 0.20625
0 0.69453125 0.7 0.37265625 0.30625
0 0.5921875 0.36640625 0.24765625 0.23203125
0 0.24609375 0.44296875 0.3015625 0.2390625
0 0.88671875 0.40078125 0.2265625 0.225
0 0.96953125 0.06953125 0.0609375 0.1140625
0 0.9015625 0.725 0.06484375 0.15625
0 0.95390625 0.528125 0.08203125 0.06796875
0 0.9859375 0.50859375 0.02734375 0.03359375
0 0.94609375 0.66484375 0.1078125 0.1484375
0 0.13203125 0.10390625 0.0359375 0.02421875