0 0.5609375 0.228125 0.27265625 0.3359375
0 0.75703125 0.46640625 0.35859375 0.25078125
0 0.51640625 0.53125 0.2296875 0.18125
0 0.21953125 0.6390625 0.4390625 0.3703125
0 0.96953125 0.83046875 0.0609375 0.22734375
0 0.93828125 0.16484375 0.12265625 0.23359375
0 0.9671875 0.02734375 0.065625 0.05390625
0 0.971875 0.684375 0.05625 0.10703125
0 0.91015625 0.7 0.10859375 0.17109375
0 0.23203125 0.240625 0.06640625 0.0578125
0 0.4046875 0.68203125 0.115625 0.19921875
0 0.28046875 0.2734375 0.17578125 0.19609375
0 0.8984375 0.503125 0.11953125 0.16953125