0 0.14765625 0.61953125 0.03359375 0.0796875
0 0.09296875 0.64609375 0.09609375 0.0515625
0 0.0625 0.7296875 0.125 0.1609375
0 0.1484375 0.52890625 0.06875 0.1171875
0 0.065625 0.58203125 0.13125 0.0984375
0 0.7828125 0.48359375 0.10234375 0.13359375
0 0.88203125 0.465625 0.11484375 0.1140625
0 0.1265625 0.64140625 0.253125 0.3453125
0 0.82265625 0.3046875 0.0921875 0.1765625
0 0.9265625 0.34921875 0.146875 0.11953125
0 0.703125 0.36015625 0.2125 0.12734375
0 0.05625 0.2796875 0.0765625 0.1078125
0 0.040625 0.20546875 0.08125 0.0703125
0 0.0984375 0.1765625 0.196875 0.3125
0 0.04375 0.10078125 0.0875 0.153125
0 0.15703125 0.1359375 0.07578125 0.08671875
0 0.18046875 0.55234375 0.04765625 0.1078125