0 0.8796875 0.2046875 0.23984375 0.303125
0 0.66875 0.87265625 0.0984375 0.15
0 0.81015625 0.8953125 0.20078125 0.1515625
0 0.6203125 0.18828125 0.15625 0.26015625
0 0.38515625 0.759375 0.20546875 0.284375
0 0.59140625 0.859375 0.06640625 0.1546875
0 0.390625 0.471875 0.22109375 0.12890625
0 0.3453125 0.5734375 0.1953125 0.13203125
0 0.7796875 0.521875 0.2109375 0.2625
0 0.18828125 0.4828125 0.20546875 0.2390625
0 0.93125 0.5625 0.1125 0.0875
0 0.834375 0.73046875 0.06875 0.08515625
0 0.11328125 0.721875 0.2265625 0.221875
0 0.984375 0.52421875 0.03125 0.10078125
0 0.51015625 0.42890625 0.146875 0.2171875
0 0.92578125 0.78125 0.115625 0.20078125
0 0.91875 0.64609375 0.13515625 0.07578125
0 0.95859375 0.9265625 0.08203125 0.1046875
0 0.69921875 0.428125 0.10625 0.19765625
0 0.97421875 0.221875 0.0515625 0.07421875
0 0.98359375 0.83671875 0.0328125 0.071875
0 0.9078125 0.92265625 0.10703125 0.10859375
0 0.959375 0.675 0.08125 0.05625