0 0.89296875 0.71328125 0.21328125 0.125
0 0.76015625 0.88671875 0.12578125 0.2265625
0 0.76953125 0.546875 0.15390625 0.203125
0 0.3390625 0.3734375 0.1859375 0.08828125
0 0.8078125 0.78203125 0.13671875 0.128125
0 0.38984375 0.246875 0.22421875 0.15390625
0 0.26015625 0.3109375 0.12265625 0.0421875
0 0.7234375 0.75546875 0.06484375 0.11640625
0 0.3796875 0.5125 0.0734375 0.1265625
0 0.63125 0.68515625 0.165625 0.13359375
0 0.26875 0.52734375 0.1125 0.1734375
0 0.59296875 0.7390625 0.146875 0.10859375
0 0.190625 0.46796875 0.2875 0.27421875
0 0.3 0.4046875 0.0890625 0.0765625
0 0.428125 0.30390625 0.140625 0.1015625
0 0.140625 0.2421875 0.1265625 0.20390625
0 0.81484375 0.70078125 0.05625 0.025