0 0.2125 0.4765625 0.38984375 0.19765625
0 0.3546875 0.3109375 0.2859375 0.29296875
0 0.32109375 0.1375 0.21328125 0.2171875
0 0.453125 0.478125 0.90625 0.95625
0 0.928125 0.278125 0.14296875 0.36328125
0 0.18046875 0.83828125 0.23046875 0.15234375
0 0.16015625 0.0765625 0.1578125 0.14609375
0 0.5546875 0.0328125 0.146875 0.065625
0 0.0203125 0.16875 0.040625 0.190625
0 0.05234375 0.30546875 0.1046875 0.2359375
0 0.25703125 0.68046875 0.09296875 0.11953125
0 0.025 0.6375 0.05 0.2375
0 0.07265625 0.7265625 0.14453125 0.30546875
0 0.27734375 0.90625 0.075 0.1875
0 0.61875 0.13203125 0.19296875 0.18046875
0 0.9421875 0.06484375 0.1125 0.1296875
0 0.01328125 0.4375 0.02578125 0.09609375
0 0.09375 0.63984375 0.07890625 0.10390625
0 0.16484375 0.24140625 0.11328125 0.2046875