0 0.22265625 0.6234375 0.12578125 0.16953125
0 0.22421875 0.09921875 0.1328125 0.16796875
0 0.3484375 0.85703125 0.1671875 0.1515625
0 0.765625 0.621875 0.09375 0.14609375
0 0.65 0.5328125 0.2015625 0.14296875
0 0.07734375 0.83125 0.10234375 0.15
0 0.34140625 0.47890625 0.13046875 0.14296875
0 0.12734375 0.8984375 0.08828125 0.20234375
0 0.871875 0.40859375 0.19921875 0.1734375
0 0.03984375 0.73359375 0.0765625 0.08046875
0 0.45 0.13671875 0.1625 0.16640625
0 0.86796875 0.1171875 0.22109375 0.23125
0 0.35078125 0.05234375 0.1609375 0.1046875
0 0.3703125 0.2609375 0.22265625 0.17421875
0 0.33828125 0.72421875 0.25546875 0.13828125
0 0.3765625 0.5828125 0.06875 0.08828125
0 0.15625 0.42421875 0.28828125 0.16171875
0 0.46875 0.571875 0.1109375 0.17421875
0 0.58125 0.79453125 0.165625 0.18046875
0 0.096875 0.63515625 0.11875 0.12890625
0 0.8859375 0.57734375 0.18125 0.14765625
0 0.6203125 0.42890625 0.1015625 0.09609375
0 0.534375 0.09921875 0.0921875 0.19765625
0 0.1234375 0.040625 0.246875 0.0796875
0 0.70546875 0.3796875 0.07734375 0.0921875
0 0.171875 0.14296875 0.1390625 0.1703125
0 0.7515625 0.43515625 0.10625 0.10390625
0 0.425 0.78125 0.1328125 0.11328125
0 0.03828125 0.153125 0.07578125 0.12578125
0 0.53828125 0.3671875 0.0828125 0.1140625
0 0.05078125 0.30078125 0.0890625 0.09609375
0 0.5265625 0.88359375 0.08515625 0.22734375
0 0.07734375 0.9703125 0.05625 0.05625
0 0.04921875 0.23828125 0.0984375 0.0921875
0 0.565625 0.27578125 0.11328125 0.19375
0 0.45078125 0.89609375 0.0796875 0.2078125
0 0.215625 0.51640625 0.15 0.1140625
0 0.12890625 0.746875 0.153125 0.11640625
0 0.325 0.95625 0.1 0.07265625
0 0.11484375 0.32421875 0.11328125 0.06640625
0 0.234375 0.8546875 0.09296875 0.13828125