0 0.81484375 0.53125 0.22421875 0.24375
0 0.734375 0.72265625 0.14140625 0.1609375
0 0.84609375 0.80625 0.24609375 0.2828125
0 0.03125 0.5171875 0.0625 0.05078125
0 0.046875 0.57265625 0.09375 0.1453125
0 0.4046875 0.43671875 0.09296875 0.16484375
0 0.765625 0.64765625 0.05 0.03515625
0 0.04453125 0.703125 0.0890625 0.15
0 0.2609375 0.96875 0.03671875 0.0625
0 0.17109375 0.70078125 0.1 0.11796875
0 0.4734375 0.2265625 0.21015625 0.1984375
0 0.68203125 0.40390625 0.09296875 0.2140625
0 0.009375 0.03828125 0.01796875 0.0765625
0 0.07421875 0.93203125 0.1484375 0.1359375
0 0.1859375 0.03203125 0.05 0.0578125
0 0.03984375 0.04296875 0.0796875 0.0859375
0 0.32734375 0.1828125 0.0546875 0.05390625
0 0.44296875 0.684375 0.21171875 0.21796875
0 0.16640625 0.37109375 0.24375 0.125
0 0.29453125 0.79765625 0.04375 0.17265625
0 0.14609375 0.8015625 0.03671875 0.10390625
0 0.9671875 0.03359375 0.05 0.04140625
0 0.3140625 0.68203125 0.075 0.08828125
0 0.9515625 0.384375 0.03828125 0.03984375
0 0.02578125 0.3640625 0.0515625 0.08671875
0 0.33671875 0.2328125 0.0828125 0.16015625
0 0.2140625 0.54375 0.0859375 0.08359375
0 0.3 0.95 0.10625 0.1
0 0.14765625 0.6203125 0.034375 0.0390625
0 0.01328125 0.87578125 0.02578125 0.0390625
0 0.12109375 0.24921875 0.1578125 0.0453125
0 0.12109375 0.11953125 0.04609375 0.0296875