0 0.34375 0.55078125 0.34921875 0.21328125
0 0.73359375 0.72421875 0.246875 0.36484375
0 0.5625 0.603125 0.15703125 0.26171875
0 0.54921875 0.23125 0.17578125 0.2765625
0 0.8890625 0.51640625 0.13203125 0.15703125
0 0.31171875 0.52578125 0.23671875 0.05
0 0.57734375 0.73984375 0.16328125 0.21875
0 0.546875 0.475 0.16328125 0.084375
0 0.75390625 0.4546875 0.2296875 0.31015625
0 0.58125 0.3875 0.21640625 0.1265625
0 0.70625 0.68046875 0.0640625 0.20625
0 0.36953125 0.50625 0.2078125 0.03671875
0 0.7 0.3671875 0.1125 0.13828125
0 0.684375 0.4953125 0.06171875 0.1375