0 0.06640625 0.16875 0.1328125 0.3375
0 0.771875 0.5984375 0.36875 0.275
0 0.0765625 0.775 0.153125 0.384375
0 0.6546875 0.25625 0.334375 0.44296875
0 0.18671875 0.12109375 0.115625 0.09375
0 0.20234375 0.96171875 0.40390625 0.0765625
0 0.3546875 0.33359375 0.12265625 0.175
0 0.30078125 0.5984375 0.27109375 0.1046875
0 0.26796875 0.51015625 0.36875 0.13984375
0 0.575 0.73203125 0.1640625 0.2890625
0 0.43828125 0.384375 0.2 0.21015625
0 0.08984375 0.3859375 0.1796875 0.215625
0 0.03125 0.84140625 0.06171875 0.2171875
0 0.27265625 0.39921875 0.1109375 0.10625