0 0.58203125 0.22109375 0.2359375 0.4421875
0 0.7296875 0.40703125 0.38515625 0.27890625
0 0.4 0.79453125 0.1796875 0.20234375
0 0.69453125 0.0171875 0.4359375 0.034375
0 0.6 0.68046875 0.1984375 0.29296875
0 0.94921875 0.071875 0.1015625 0.14375
0 0.91171875 0.2703125 0.1765625 0.35078125
0 0.2953125 0.60625 0.378125 0.396875
0 0.95625 0.4765625 0.08671875 0.1
0 0.38203125 0.0640625 0.2015625 0.128125
0 0.9734375 0.253125 0.05234375 0.0375
0 0.8171875 0.721875 0.36484375 0.36796875
0 0.153125 0.51796875 0.03125 0.02890625
0 0.9453125 0.971875 0.109375 0.053125