0 0.55390625 0.48515625 0.8921875 0.9703125
0 0.11640625 0.884375 0.2328125 0.23125
0 0.346875 0.26875 0.24453125 0.30078125
0 0.296875 0.5078125 0.4546875 0.21640625
0 0.1265625 0.16875 0.253125 0.240625
0 0.3921875 0.77421875 0.28203125 0.440625
0 0.29296875 0.49921875 0.36484375 0.05390625
0 0.72734375 0.234375 0.346875 0.46875
0 0.46953125 0.090625 0.21640625 0.18125
0 0.4875 0.32734375 0.159375 0.21796875
0 0.12265625 0.75546875 0.19453125 0.15390625
0 0.59140625 0.42265625 0.0984375 0.084375
0 0.18828125 0.8625 0.09453125 0.09296875
0 0.5453125 0.48359375 0.1328125 0.078125
0 0.23515625 0.85703125 0.0421875 0.13203125
0 0.28984375 0.04453125 0.0890625 0.0890625
0 0.37109375 0.03515625 0.02265625 0.06953125
0 0.12109375 0.03515625 0.2421875 0.0703125
0 0.6796875 0.28515625 0.0828125 0.15390625
0 0.30625 0.88828125 0.271875 0.22265625
0 0.015625 0.5 0.03046875 0.0359375