0 0.94921875 0.178125 0.1015625 0.35625
0 0.25546875 0.61875 0.371875 0.2765625
0 0.9390625 0.796875 0.121875 0.3875
0 0.3734375 0.275 0.33671875 0.44609375
0 0.84453125 0.1390625 0.11640625 0.09453125
0 0.8125 0.9734375 0.37421875 0.053125
0 0.675 0.353125 0.1234375 0.1765625
0 0.7296875 0.61875 0.27265625 0.10546875
0 0.7625 0.53046875 0.371875 0.140625
0 0.45390625 0.75390625 0.165625 0.290625
0 0.590625 0.40390625 0.20078125 0.21171875
0 0.92578125 0.40546875 0.1484375 0.2171875
0 0.98515625 0.86328125 0.0296875 0.21796875
0 0.7578125 0.41875 0.11171875 0.10703125