0 0.271875 0.653125 0.35234375 0.30234375
0 0.5390625 0.496875 0.92109375 0.99296875
0 0.17578125 0.2421875 0.29765625 0.31015625
0 0.3890625 0.3953125 0.30859375 0.2484375
0 0.53671875 0.2546875 0.20546875 0.36171875
0 0.1359375 0.06015625 0.196875 0.1203125
0 0.48515625 0.62890625 0.16875 0.246875
0 0.4703125 0.05234375 0.35703125 0.10390625
0 0.16015625 0.190625 0.1765625 0.0734375
0 0.28046875 0.96875 0.18671875 0.0625
0 0.390625 0.20546875 0.02578125 0.02734375
0 0.13515625 0.42421875 0.1 0.0734375
0 0.0390625 0.1921875 0.07734375 0.22265625
0 0.2140625 0.853125 0.09609375 0.1234375
0 0.1140625 0.9125 0.16328125 0.13046875
0 0.9140625 0.40859375 0.171875 0.3390625
0 0.10546875 0.9625 0.2109375 0.071875
0 0.03984375 0.68046875 0.0765625 0.07421875
0 0.025 0.371875 0.04921875 0.16015625
0 0.409375 0.13046875 0.0453125 0.03515625
0 0.70234375 0.07421875 0.190625 0.1484375
0 0.9875 0.35703125 0.02421875 0.03515625