0 0.4015625 0.20625 0.2453125 0.40546875
0 0.0828125 0.75078125 0.165625 0.1671875
0 0.27734375 0.4421875 0.44609375 0.25625
0 0.05703125 0.85078125 0.1140625 0.1125
0 0.7953125 0.58515625 0.40859375 0.29375
0 0.1203125 0.053125 0.240625 0.10625
0 0.0890625 0.13515625 0.1765625 0.1234375
0 0.1484375 0.8703125 0.15859375 0.259375
0 0.8390625 0.08984375 0.03125 0.028125
0 0.4015625 0.025 0.23515625 0.04921875
0 0.43515625 0.7015625 0.19453125 0.3734375
0 0.05859375 0.665625 0.1171875 0.14765625
0 0.328125 0.71796875 0.05625 0.1171875
0 0.6609375 0.9734375 0.209375 0.05234375
0 0.01796875 0.87734375 0.03515625 0.0734375
0 0.7515625 0.3421875 0.25078125 0.22578125
0 0.053125 0.31015625 0.10625 0.11875
0 0.37421875 0.90234375 0.153125 0.1078125
0 0.78671875 0.840625 0.2859375 0.29375
0 0.05390625 0.21015625 0.1078125 0.13984375
0 0.16171875 0.3 0.16015625 0.1546875
0 0.0890625 0.41328125 0.07109375 0.11328125
0 0.6203125 0.88046875 0.1328125 0.15546875
0 0.95859375 0.43046875 0.0828125 0.32265625
0 0.3890625 0.96796875 0.26796875 0.06328125
0 0.19140625 0.12265625 0.16328125 0.22421875
0 0.0328125 0.40546875 0.06484375 0.10078125