0 0.39296875 0.2421875 0.23203125 0.384375
0 0.0859375 0.75859375 0.16875 0.15859375
0 0.275 0.465625 0.4234375 0.24296875
0 0.06171875 0.85234375 0.11640625 0.10703125
0 0.784375 0.60078125 0.42265625 0.27890625
0 0.1203125 0.07421875 0.240625 0.1453125
0 0.096875 0.1734375 0.16796875 0.1171875
0 0.15390625 0.87421875 0.15 0.2515625
0 0.8078125 0.13125 0.0296875 0.0265625
0 0.39296875 0.04765625 0.22265625 0.09140625
0 0.425 0.7109375 0.18515625 0.35390625
0 0.06171875 0.67734375 0.1234375 0.13984375
0 0.3234375 0.7265625 0.053125 0.11171875
0 0.6390625 0.971875 0.19921875 0.05546875
0 0.0234375 0.878125 0.04609375 0.06953125
0 0.725 0.3703125 0.23828125 0.2140625
0 0.05703125 0.340625 0.1125 0.11328125
0 0.36640625 0.9015625 0.1453125 0.10234375
0 0.75859375 0.84296875 0.27109375 0.27890625
0 0.0578125 0.2453125 0.1140625 0.13203125
0 0.165625 0.3296875 0.1515625 0.146875
0 0.09609375 0.43828125 0.0671875 0.10703125
0 0.60078125 0.88125 0.12578125 0.14765625
0 0.940625 0.4546875 0.11796875 0.30546875
0 0.38125 0.965625 0.25390625 0.0625
0 0.19375 0.1625 0.1546875 0.2125
0 0.03671875 0.43046875 0.0734375 0.0953125