0 0.38515625 0.18125 0.2703125 0.3625
0 0.31171875 0.36484375 0.37734375 0.284375
0 0.78046875 0.190625 0.36640625 0.2921875
0 0.4296875 0.5 0.859375 1
0 0.28359375 0.653125 0.3515625 0.30546875
0 0.98125 0.01171875 0.0375 0.0234375
0 0.99453125 0.04921875 0.0109375 0.01875
0 0.1671875 0.91015625 0.334375 0.1796875
0 0.95859375 0.04375 0.025 0.028125
0 0.9359375 0.04140625 0.0234375 0.02421875
0 0.62734375 0.35703125 0.203125 0.275
0 0.07265625 0.6921875 0.134375 0.2359375
0 0.20078125 0.85390625 0.13359375 0.12890625
0 0.05859375 0.209375 0.11640625 0.3765625
0 0.2328125 0.12890625 0.1125 0.20078125
0 0.025 0.025 0.05 0.05
0 0.01796875 0.80859375 0.03515625 0.08046875
0 0.01328125 0.096875 0.0265625 0.05390625
0 0.11328125 0.49921875 0.17109375 0.10390625
0 0.18671875 0.03671875 0.08515625 0.07265625
0 0.14296875 0.13046875 0.1109375 0.02890625
0 0.02265625 0.5484375 0.0453125 0.08125
0 0.5546875 0.040625 0.08046875 0.08125