0 0.18203125 0.07265625 0.02421875 0.03671875
0 0.06640625 0.784375 0.1234375 0.21640625
0 0.15546875 0.06171875 0.040625 0.1140625
0 0.04296875 0.125 0.0859375 0.16328125
0 0.02734375 0.04375 0.0546875 0.025
0 0.115625 0.02265625 0.23046875 0.04453125
0 0.096875 0.46953125 0.19375 0.146875
0 0.07890625 0.14375 0.15703125 0.059375
0 0.053125 0.2671875 0.10546875 0.2109375
0 0.0734375 0.6703125 0.146875 0.24765625
0 0.43046875 0.05390625 0.1125 0.10703125
0 0.85078125 0.3578125 0.21484375 0.18515625
0 0.33125 0.98125 0.040625 0.03671875
0 0.290625 0.61640625 0.4234375 0.2421875
0 0.371875 0.3015625 0.06484375 0.04765625
0 0.25390625 0.4171875 0.10390625 0.17109375
0 0.40390625 0.42578125 0.26171875 0.203125
0 0.70390625 0.4765625 0.24375 0.22890625
0 0.52578125 0.209375 0.1671875 0.41875
0 0.50546875 0.77890625 0.0984375 0.371875
0 0.4875 0.54609375 0.1375 0.10078125
0 0.359375 0.9171875 0.11875 0.165625
0 0.5375 0.72265625 0.3375 0.55390625
0 0.09921875 0.09453125 0.140625 0.11953125
0 0.821875 0.93984375 0.225 0.1203125
0 0.6421875 0.42109375 0.10625 0.13203125
0 0.078125 0.396875 0.15625 0.13046875
0 0.31015625 0.77734375 0.04453125 0.10234375
0 0.46328125 0.20859375 0.09140625 0.32265625