0 0.6 0.24765625 0.1453125 0.28203125
0 0.75703125 0.771875 0.25078125 0.21484375
0 0.26796875 0.67890625 0.121875 0.203125
0 0.4203125 0.5015625 0.16484375 0.3859375
0 0.44921875 0.27265625 0.1328125 0.21328125
0 0.3140625 0.121875 0.090625 0.1515625
0 0.24921875 0.4203125 0.18203125 0.18671875
0 0.26484375 0.20625 0.14453125 0.190625
0 0.503125 0.69296875 0.10625 0.1421875
0 0.3078125 0.884375 0.11796875 0.13046875
0 0.3953125 0.81953125 0.1859375 0.18359375
0 0.7 0.48984375 0.19765625 0.25703125
0 0.57578125 0.8703125 0.13203125 0.25859375
0 0.6125 0.65234375 0.0921875 0.1796875
0 0.3984375 0.653125 0.0796875 0.15546875
0 0.4390625 0.94453125 0.14921875 0.10390625
0 0.2953125 0.5765625 0.12265625 0.1703125
0 0.53359375 0.4265625 0.10703125 0.36015625
0 0.42890625 0.14921875 0.10078125 0.12734375