0 0.7875 0.64609375 0.415625 0.3875
0 0.63515625 0.0578125 0.7296875 0.115625
0 0.59765625 0.08359375 0.60234375 0.1671875
0 0.209375 0.853125 0.09375 0.1203125
0 0.2734375 0.9671875 0.18125 0.06171875
0 0.0375 0.21015625 0.075 0.2171875
0 0.103125 0.9609375 0.20625 0.0703125
0 0.1328125 0.0703125 0.19140625 0.13828125
0 0.0390625 0.68515625 0.075 0.071875
0 0.02421875 0.384375 0.04765625 0.15625
0 0.13125 0.43515625 0.096875 0.071875
0 0.17265625 0.2578125 0.2921875 0.30078125
0 0.96484375 0.36953125 0.02734375 0.03359375
0 0.26484375 0.65703125 0.3453125 0.29609375
0 0.52421875 0.26953125 0.19375 0.35234375
0 0.4703125 0.6359375 0.1625 0.2421875
0 0.1515625 0.2078125 0.16015625 0.0671875
0 0.378125 0.40625 0.3015625 0.24140625
0 0.3984375 0.1484375 0.04375 0.0328125
0 0.9015625 0.4171875 0.18515625 0.31328125
0 0.89609375 0.4 0.034375 0.0359375
0 0.6703125 0.8578125 0.0296875 0.02265625
0 0.9640625 0.40546875 0.02109375 0.021875
0 0.64140625 0.96953125 0.1734375 0.05625