0 0.44375 0.60625 0.2921875 0.23359375
0 0.74296875 0.55390625 0.28359375 0.16640625
0 0.83671875 0.05234375 0.025 0.02109375
0 0.82578125 0.0109375 0.03203125 0.02109375
0 0.53671875 0.41015625 0.11953125 0.23984375
0 0.334375 0.03671875 0.0453125 0.03359375
0 0.790625 0.0875 0.025 0.0171875
0 0.0375 0.0234375 0.025 0.03828125
0 0.79296875 0.025 0.03203125 0.0484375
0 0.86875 0.14609375 0.0375 0.0328125
0 0.0625 0.165625 0.040625 0.0453125
0 0.09140625 0.10234375 0.0671875 0.05
0 0.10625 0.06796875 0.05703125 0.04296875