0 0.43125 0.4953125 0.13828125 0.16953125
0 0.1 0.7546875 0.1984375 0.13515625
0 0.17734375 0.2421875 0.134375 0.20234375
0 0.21484375 0.0625 0.171875 0.1234375
0 0.92265625 0.753125 0.1546875 0.1390625
0 0.29140625 0.490625 0.16640625 0.15859375
0 0.71796875 0.265625 0.21484375 0.19921875
0 0.07578125 0.134375 0.134375 0.11953125
0 0.3890625 0.8734375 0.153125 0.2484375
0 0.85234375 0.1390625 0.2390625 0.278125
0 0.665625 0.45 0.21875 0.18515625
0 0.5875 0.7046875 0.1234375 0.1765625
0 0.11796875 0.46484375 0.16328125 0.15625
0 0.78828125 0.7921875 0.128125 0.1515625
0 0.59765625 0.06640625 0.14140625 0.1328125
0 0.7046875 0.7515625 0.07734375 0.06171875
0 0.15234375 0.87578125 0.1328125 0.19921875
0 0.06015625 0.0625 0.1203125 0.09296875
0 0.08828125 0.321875 0.17421875 0.18984375
0 0.0671875 0.63125 0.13203125 0.09375
0 0.21171875 0.1796875 0.08671875 0.1125
0 0.678125 0.8375 0.16875 0.1796875
0 0.25546875 0.6046875 0.13828125 0.12734375
0 0.8546875 0.425 0.1640625 0.16953125
0 0.609375 0.2390625 0.1671875 0.22265625
0 0.65 0.621875 0.1296875 0.090625
0 0.3734375 0.6859375 0.21015625 0.1796875
0 0.528125 0.82109375 0.0875 0.184375
0 0.06328125 0.8578125 0.1234375 0.1046875
0 0.9328125 0.57890625 0.13046875 0.14296875
0 0.2453125 0.8390625 0.059375 0.1546875
0 0.5078125 0.615625 0.08203125 0.128125
0 0.065625 0.953125 0.13125 0.084375
0 0.42890625 0.06796875 0.140625 0.1359375
0 0.70234375 0.69375 0.12421875 0.07890625
0 0.9328125 0.49375 0.134375 0.1359375
0 0.2765625 0.9515625 0.0859375 0.08671875
0 0.83359375 0.5890625 0.14609375 0.1140625
0 0.9328125 0.2796875 0.134375 0.196875
0 0.78984375 0.6921875 0.10625 0.04375
0 0.346875 0.34453125 0.15546875 0.096875
0 0.36796875 0.1390625 0.1578125 0.2390625
0 0.475 0.384375 0.0625 0.04140625
0 0.03671875 0.47265625 0.04921875 0.071875
0 0.03828125 0.56953125 0.0765625 0.05703125