0 0.76484375 0.503125 0.0625 0.0921875
0 0.725 0.6328125 0.0984375 0.06484375
0 0.80703125 0.5390625 0.05625 0.1671875
0 0.8109375 0.67421875 0.1078125 0.084375
0 0.88046875 0.64453125 0.08203125 0.0515625
0 0.8703125 0.5484375 0.0828125 0.13203125
0 0.825 0.2453125 0.053125 0.0765625
0 0.9421875 0.5921875 0.115625 0.103125
0 0.9171875 0.38984375 0.059375 0.10234375
0 0.884375 0.3 0.053125 0.0546875
0 0.925 0.6921875 0.13125 0.05078125
0 0.96875 0.33125 0.0625 0.04765625
0 0.9578125 0.23203125 0.0828125 0.1234375
0 0.190625 0.39296875 0.15078125 0.1
0 0.103125 0.51328125 0.14296875 0.13046875
0 0.025 0.446875 0.05 0.078125
0 0.01640625 0.53828125 0.0328125 0.0859375
0 0.07578125 0.37265625 0.08984375 0.1515625
0 0.140625 0.2015625 0.06796875 0.1078125
0 0.0203125 0.325 0.03984375 0.165625
0 0.24375 0.153125 0.1234375 0.090625
0 0.90234375 0.73671875 0.09140625 0.10390625
0 0.19453125 0.04375 0.0984375 0.0875
0 0.109375 0.046875 0.078125 0.09375
0 0.06484375 0.05390625 0.05390625 0.059375
0 0.1265625 0.36171875 0.05390625 0.0875
0 0.928125 0.19296875 0.0453125 0.1078125
0 0.171875 0.48828125 0.04140625 0.0375