0 0.09453125 0.1953125 0.1890625 0.284375
0 0.91640625 0.353125 0.1671875 0.11875
0 0.68515625 0.3640625 0.21015625 0.12578125
0 0.11953125 0.64296875 0.2390625 0.3421875
0 0.80390625 0.30859375 0.09140625 0.17421875
0 0.8625 0.46875 0.11328125 0.11328125
0 0.7640625 0.4859375 0.1015625 0.13203125
0 0.05703125 0.7296875 0.11328125 0.159375
0 0.08125 0.646875 0.0953125 0.05078125
0 0.1359375 0.53046875 0.06875 0.11640625
0 0.04453125 0.284375 0.07578125 0.10625
0 0.059375 0.58359375 0.11875 0.09765625
0 0.034375 0.21015625 0.06875 0.0703125
0 0.13515625 0.62109375 0.03359375 0.07890625