0 0.1796875 0.7421875 0.1203125 0.13515625
0 0.125 0.8734375 0.10390625 0.10234375
0 0.4359375 0.7203125 0.1125 0.1984375
0 0.30703125 0.6828125 0.16015625 0.1984375
0 0.15078125 0.4796875 0.1640625 0.0875
0 0.396875 0.871875 0.2265625 0.15859375
0 0.3921875 0.33125 0.2453125 0.23828125
0 0.07578125 0.60234375 0.1265625 0.09765625
0 0.0265625 0.903125 0.0515625 0.09453125
0 0.15625 0.17109375 0.08828125 0.1
0 0.55 0.475 0.83515625 0.94921875
0 0.0734375 0.8890625 0.07265625 0.09609375
0 0.2671875 0.8578125 0.07578125 0.16171875
0 0.3640625 0.525 0.1328125 0.1046875
0 0.303125 0.4359375 0.20390625 0.11875
0 0.059375 0.13671875 0.11875 0.10859375
0 0.04765625 0.70390625 0.0859375 0.10625
0 0.43046875 0.1578125 0.1125 0.09609375
0 0.20234375 0.340625 0.128125 0.16640625
0 0.02421875 0.9609375 0.04609375 0.05859375
0 0.51875 0.1515625 0.221875 0.303125
0 0.20234375 0.63046875 0.09140625 0.0828125
0 0.13984375 0.24453125 0.1140625 0.103125
0 0.77578125 0.28046875 0.0671875 0.05625
0 0.459375 0.09453125 0.10859375 0.18828125
0 0.034375 0.47890625 0.0671875 0.0828125
0 0.3046875 0.07890625 0.25859375 0.1546875
0 0.4203125 0.5703125 0.16640625 0.175
0 0.04375 0.24453125 0.0640625 0.08671875
0 0.10625 0.10625 0.06796875 0.109375
0 0.059375 0.8015625 0.0875 0.08359375