0 0.55390625 0.5 0.89140625 1
0 0.121875 0.9203125 0.24375 0.159375
0 0.3671875 0.2984375 0.26484375 0.32578125
0 0.31328125 0.55703125 0.49296875 0.234375
0 0.13359375 0.18984375 0.26640625 0.2609375
0 0.4171875 0.80390625 0.30625 0.3921875
0 0.30859375 0.5484375 0.39609375 0.05859375
0 0.78046875 0.25703125 0.3765625 0.5140625
0 0.50078125 0.1015625 0.234375 0.203125
0 0.51953125 0.36171875 0.17265625 0.23671875
0 0.125 0.82578125 0.2109375 0.16640625
0 0.6328125 0.46484375 0.10625 0.09140625
0 0.1953125 0.94140625 0.10234375 0.10078125
0 0.5828125 0.53046875 0.14375 0.084375
0 0.24609375 0.93203125 0.04609375 0.1359375
0 0.30546875 0.0515625 0.0953125 0.103125
0 0.39375 0.04140625 0.02421875 0.0828125
0 0.12734375 0.04140625 0.2546875 0.0828125
0 0.72890625 0.315625 0.08984375 0.1671875
0 0.3234375 0.92421875 0.29453125 0.15078125
0 0.0125 0.54921875 0.025 0.03828125