0 0.146875 0.61953125 0.0328125 0.078125
0 0.09296875 0.6453125 0.09375 0.05
0 0.06328125 0.72734375 0.1234375 0.15625
0 0.146875 0.53046875 0.0671875 0.11484375
0 0.065625 0.5828125 0.13046875 0.09609375
0 0.76484375 0.48671875 0.09921875 0.1296875
0 0.8625 0.46953125 0.11171875 0.11171875
0 0.125 0.64140625 0.24765625 0.33671875
0 0.80390625 0.3125 0.08984375 0.171875
0 0.9171875 0.35625 0.165625 0.11640625
0 0.68828125 0.3671875 0.20703125 0.12421875
0 0.05703125 0.28828125 0.07421875 0.1046875
0 0.04140625 0.21640625 0.08125 0.06796875
0 0.0984375 0.18828125 0.19375 0.3046875
0 0.04375 0.1140625 0.0875 0.1484375
0 0.15546875 0.1484375 0.0734375 0.084375
0 0.178125 0.55390625 0.04609375 0.1046875