0 0.23828125 0.08203125 0.4765625 0.1640625
0 0.53671875 0.7453125 0.271875 0.40625
0 0.7234375 0.3796875 0.48359375 0.2859375
0 0.88671875 0.49375 0.17734375 0.10546875
0 0.4515625 0.47890625 0.89375 0.95703125
0 0.92890625 0.19375 0.1328125 0.16015625
0 0.221875 0.40625 0.36640625 0.27421875
0 0.478125 0.3203125 0.17109375 0.24296875
0 0.4640625 0.23984375 0.1046875 0.1265625
0 0.9421875 0.1078125 0.115625 0.096875
0 0.26640625 0.4453125 0.21640625 0.046875
0 0.03203125 0.23515625 0.0640625 0.2203125
0 0.7671875 0.03828125 0.1625 0.0765625
0 0.946875 0.3265625 0.10390625 0.171875
0 0.925 0.9625 0.15 0.071875
0 0.815625 0.79296875 0.21875 0.24296875
0 0.771875 0.61015625 0.1453125 0.15625
0 0.64453125 0.6984375 0.15078125 0.21171875
0 0.7625 0.74375 0.07265625 0.09140625
0 0.7796875 0.1109375 0.04140625 0.08515625
0 0.953125 0.0390625 0.09296875 0.07734375
0 0.9703125 0.42578125 0.04609375 0.0765625
0 0.59296875 0.49921875 0.225 0.22265625
0 0.878125 0.91875 0.08125 0.040625
0 0.865625 0.06875 0.0890625 0.1375
0 0.66171875 0.1484375 0.1078125 0.0765625
0 0.83046875 0.23125 0.146875 0.046875