0 0.15703125 0.75390625 0.09765625 0.06875
0 0.1296875 0.8 0.0859375 0.065625
0 0.16796875 0.86953125 0.0890625 0.11171875
0 0.18671875 0.66640625 0.08046875 0.11953125
0 0.26796875 0.8265625 0.0984375 0.109375
0 0.10625 0.521875 0.096875 0.1
0 0.12890625 0.4515625 0.08046875 0.0515625
0 0.2875 0.6875 0.0390625 0.040625
0 0.2578125 0.72578125 0.065625 0.08203125
0 0.21171875 0.44296875 0.0515625 0.0296875
0 0.11953125 0.38671875 0.05546875 0.07578125
0 0.81953125 0.38984375 0.1375 0.1609375
0 0.87109375 0.53359375 0.1359375 0.0875
0 0.81875 0.4796875 0.09453125 0.10546875
0 0.75390625 0.44375 0.0453125 0.06015625
0 0.69375 0.19375 0.04609375 0.06953125
0 0.71171875 0.0640625 0.0875 0.08203125
0 0.6625 0.059375 0.0484375 0.11796875
0 0.67578125 0.4640625 0.15078125 0.13125
0 0.6359375 0.171875 0.08203125 0.11484375
0 0.57265625 0.04609375 0.10625 0.0921875
0 0.7234375 0.60625 0.1234375 0.1453125