0 0.31015625 0.5984375 0.39296875 0.2296875
0 0.61796875 0.290625 0.24140625 0.403125
0 0.41171875 0.3078125 0.12734375 0.165625
0 0.4296875 0.5015625 0.80546875 0.984375
0 0.446875 0.4578125 0.1890625 0.16484375
0 0.04609375 0.20078125 0.0921875 0.1828125
0 0.271875 0.3953125 0.18828125 0.1703125
0 0.37265625 0.5796875 0.196875 0.0484375
0 0.59375 0.3421875 0.03828125 0.1859375
0 0.11171875 0.79609375 0.1515625 0.09921875
0 0.05625 0.41484375 0.11171875 0.215625
0 0.8265625 0.11328125 0.14296875 0.15703125
0 0.05 0.70625 0.0359375 0.04765625
0 0.6421875 0.05625 0.2828125 0.10859375
0 0.21484375 0.9140625 0.4296875 0.165625
0 0.11015625 0.1234375 0.165625 0.2390625
0 0.175 0.284375 0.0921875 0.12578125
0 0.42421875 0.2109375 0.1375 0.17421875
0 0.8109375 0.090625 0.0390625 0.109375
0 0.1265625 0.4078125 0.08984375 0.13203125
0 0.56875 0.45078125 0.05546875 0.0359375