0 0.17578125 0.61640625 0.13515625 0.18125
0 0.1765625 0.07265625 0.1421875 0.1453125
0 0.31015625 0.8671875 0.1796875 0.1625
0 0.7578125 0.61484375 0.10078125 0.15703125
0 0.634375 0.51953125 0.215625 0.15390625
0 0.0375 0.8390625 0.07421875 0.1609375
0 0.303125 0.46171875 0.13984375 0.153125
0 0.07265625 0.9015625 0.09453125 0.196875
0 0.871875 0.3859375 0.2140625 0.1859375
0 0.01015625 0.73515625 0.0203125 0.08671875
0 0.41875 0.09453125 0.17421875 0.17890625
0 0.8671875 0.09921875 0.2375 0.19765625
0 0.3125 0.03046875 0.17265625 0.06015625
0 0.33359375 0.228125 0.2390625 0.18671875
0 0.29921875 0.72421875 0.2734375 0.14765625
0 0.340625 0.57265625 0.0734375 0.09453125
0 0.1296875 0.403125 0.25859375 0.1734375
0 0.4390625 0.5609375 0.11875 0.18671875
0 0.56015625 0.8 0.17734375 0.19375
0 0.0515625 0.62890625 0.103125 0.1390625
0 0.88671875 0.5671875 0.19375 0.15859375
0 0.60234375 0.4078125 0.10859375 0.103125
0 0.509375 0.08046875 0.09921875 0.16015625
0 0.10078125 0.0171875 0.2015625 0.034375
0 0.69296875 0.35546875 0.08359375 0.0984375
0 0.1203125 0.1015625 0.14921875 0.18203125
0 0.74296875 0.41484375 0.1140625 0.11171875
0 0.3921875 0.7859375 0.14296875 0.121875
0 0.00859375 0.1125 0.0171875 0.134375
0 0.5140625 0.3421875 0.0890625 0.121875
0 0.01953125 0.2703125 0.0390625 0.10390625
0 0.5015625 0.88671875 0.09140625 0.2265625
0 0.02421875 0.97890625 0.0484375 0.0421875
0 0.02109375 0.20390625 0.0421875 0.09921875
0 0.54375 0.24375 0.121875 0.2078125
0 0.42109375 0.89921875 0.08671875 0.2015625
0 0.16796875 0.50234375 0.1609375 0.121875
0 0.078125 0.7484375 0.15625 0.12421875
0 0.28515625 0.9671875 0.10703125 0.065625
0 0.06015625 0.2953125 0.1203125 0.0703125
0 0.1875 0.86484375 0.09921875 0.14765625