0 0.109375 0.95546875 0.1203125 0.08671875
0 0.08515625 0.8703125 0.05625 0.09296875
0 0.1 0.64375 0.153125 0.26953125
0 0.23828125 0.6046875 0.12578125 0.11015625
0 0.13671875 0.54609375 0.07265625 0.0796875
0 0.125 0.85 0.07578125 0.0875
0 0.30234375 0.83125 0.078125 0.19921875
0 0.2421875 0.034375 0.15859375 0.06484375
0 0.0296875 0.58828125 0.05859375 0.15234375
0 0.0625 0.55546875 0.07890625 0.1984375
0 0.0578125 0.12890625 0.1125 0.25234375
0 0.39375 0.09453125 0.20859375 0.1859375
0 0.040625 0.33125 0.08125 0.1296875
0 0.88984375 0.0578125 0.2203125 0.1140625
0 0.7203125 0.08515625 0.228125 0.1671875
0 0.621875 0.2640625 0.23984375 0.3796875
0 0.3953125 0.26015625 0.2203125 0.28359375
0 0.203125 0.753125 0.21484375 0.14375
0 0.11015625 0.221875 0.11328125 0.2390625
0 0.83515625 0.45390625 0.3296875 0.2140625
0 0.44609375 0.521875 0.153125 0.16171875
0 0.63125 0.50703125 0.1359375 0.203125
0 0.45078125 0.76015625 0.14453125 0.325
0 0.2796875 0.403125 0.4125 0.228125
0 0.52265625 0.753125 0.11640625 0.33125
0 0.0453125 0.4578125 0.090625 0.08125