0 0.484375 0.5 0.96796875 1
0 0.73671875 0.440625 0.40625 0.22890625
0 0.709375 0.1765625 0.32890625 0.353125
0 0.87890625 0.24140625 0.2421875 0.2984375
0 0.54921875 0.3125 0.16953125 0.28828125
0 0.32109375 0.34921875 0.28671875 0.33984375
0 0.9125 0.05859375 0.14375 0.1171875
0 0.3640625 0.3859375 0.12890625 0.11640625
0 0.3421875 0.01796875 0.25390625 0.03515625
0 0.9265625 0.4703125 0.146875 0.228125
0 0.6234375 0.79375 0.240625 0.4125
0 0.740625 0.9453125 0.3859375 0.109375
0 0.8265625 0.8796875 0.0984375 0.2375
0 0.11875 0.33984375 0.17265625 0.165625
0 0.075 0.10234375 0.14921875 0.20390625
0 0.97578125 0.6984375 0.04765625 0.29453125
0 0.690625 0.61328125 0.2109375 0.17421875
0 0.03046875 0.42421875 0.06015625 0.1953125
0 0.04375 0.2609375 0.08671875 0.14140625