0 0.03203125 0.88046875 0.0609375 0.13828125
0 0.04609375 0.0984375 0.08984375 0.1765625
0 0.0953125 0.93671875 0.08984375 0.12109375
0 0.29921875 0.0875 0.1578125 0.12734375
0 0.025 0.46875 0.05 0.05078125
0 0.1984375 0.4171875 0.234375 0.03046875
0 0.2171875 0.7 0.43046875 0.3421875
0 0.271875 0.01171875 0.04375 0.0234375
0 0.08984375 0.56484375 0.17265625 0.16640625
0 0.71484375 0.196875 0.2765625 0.3328125
0 0.69375 0.446875 0.1828125 0.14453125
0 0.8984375 0.15625 0.203125 0.30546875
0 0.14140625 0.0265625 0.1484375 0.053125
0 0.4578125 0.16328125 0.1546875 0.32578125
0 0.2078125 0.1484375 0.23359375 0.19765625
0 0.3359375 0.3359375 0.3421875 0.27421875
0 0.728125 0.02578125 0.2921875 0.0515625
0 0.79296875 0.6890625 0.34140625 0.34609375
0 0.43046875 0.5734375 0.10390625 0.17890625
0 0.51875 0.559375 0.125 0.184375
0 0.5890625 0.67109375 0.08203125 0.1171875
0 0.66484375 0.5171875 0.065625 0.0859375