0 0.60234375 0.24296875 0.14765625 0.2859375
0 0.76171875 0.775 0.2546875 0.21875
0 0.265625 0.68125 0.1234375 0.20625
0 0.41953125 0.50078125 0.16796875 0.3921875
0 0.44921875 0.26796875 0.134375 0.21640625
0 0.3125 0.11484375 0.0921875 0.15390625
0 0.24609375 0.41796875 0.18515625 0.18984375
0 0.26171875 0.20078125 0.14609375 0.19296875
0 0.5046875 0.69453125 0.1078125 0.14453125
0 0.30546875 0.8890625 0.11953125 0.1328125
0 0.39453125 0.82421875 0.1890625 0.18671875
0 0.7046875 0.4890625 0.20078125 0.2609375
0 0.57734375 0.871875 0.134375 0.25625
0 0.615625 0.65390625 0.09375 0.18203125
0 0.39765625 0.6546875 0.08046875 0.1578125
0 0.43828125 0.9484375 0.1515625 0.103125
0 0.29296875 0.5765625 0.12421875 0.1734375
0 0.53515625 0.42421875 0.10859375 0.36640625
0 0.42890625 0.1421875 0.10234375 0.1296875