0 0.47109375 0.47734375 0.9421875 0.9546875
0 0.12890625 0.259375 0.153125 0.12890625
0 0.03671875 0.2078125 0.06875 0.059375
0 0.08515625 0.68984375 0.1140625 0.0953125
0 0.178125 0.56640625 0.05859375 0.04140625
0 0.03203125 0.84140625 0.0625 0.2046875
0 0.23828125 0.0609375 0.0625 0.121875
0 0.02734375 0.7171875 0.0515625 0.0765625
0 0.03046875 0.54375 0.05859375 0.04921875
0 0.2484375 0.615625 0.04609375 0.02421875
0 0.025 0.06640625 0.04453125 0.0515625
0 0.07578125 0.0953125 0.03203125 0.09296875
0 0.3625 0.3890625 0.0765625 0.05078125
0 0.01015625 0.25 0.0203125 0.05859375