0 0.79609375 0.52265625 0.2234375 0.2421875
0 0.715625 0.7125 0.140625 0.16015625
0 0.8265625 0.7953125 0.24453125 0.28125
0 0.0234375 0.5078125 0.046875 0.05
0 0.0390625 0.56328125 0.078125 0.1453125
0 0.3875 0.42734375 0.0921875 0.1640625
0 0.746875 0.6375 0.04921875 0.03515625
0 0.03671875 0.69296875 0.0734375 0.14921875
0 0.24375 0.9625 0.0375 0.075
0 0.15546875 0.690625 0.1 0.11796875
0 0.45546875 0.21875 0.209375 0.196875
0 0.66328125 0.3953125 0.09296875 0.21328125
0 0.06640625 0.9265625 0.1328125 0.146875
0 0.16953125 0.02734375 0.05 0.05390625
0 0.03203125 0.03984375 0.0640625 0.0796875
0 0.31015625 0.17578125 0.0546875 0.05390625
0 0.42578125 0.67421875 0.2109375 0.2171875
0 0.15 0.3625 0.2421875 0.12421875
0 0.278125 0.7875 0.04296875 0.171875
0 0.1296875 0.79140625 0.03671875 0.103125
0 0.94765625 0.0265625 0.05 0.04140625
0 0.296875 0.671875 0.07421875 0.0875
0 0.93125 0.37578125 0.03828125 0.03984375
0 0.01796875 0.35546875 0.0359375 0.08671875
0 0.31953125 0.225 0.0828125 0.159375
0 0.19765625 0.534375 0.08515625 0.08359375
0 0.2828125 0.94453125 0.10546875 0.1109375
0 0.13125 0.6109375 0.034375 0.0390625
0 0.00546875 0.86484375 0.0109375 0.0390625
0 0.10546875 0.24140625 0.15703125 0.0453125
0 0.10546875 0.1125 0.04609375 0.02890625