0 0.43359375 0.5125 0.14375 0.1765625
0 0.0953125 0.7828125 0.190625 0.14140625
0 0.16875 0.24921875 0.13984375 0.2109375
0 0.2078125 0.0625 0.1796875 0.125
0 0.93203125 0.78046875 0.13515625 0.1453125
0 0.2875 0.50703125 0.1734375 0.16484375
0 0.73203125 0.2734375 0.22421875 0.2078125
0 0.06640625 0.13515625 0.13203125 0.12421875
0 0.3890625 0.88828125 0.16015625 0.22265625
0 0.8734375 0.14296875 0.24921875 0.2859375
0 0.67734375 0.46484375 0.228125 0.19296875
0 0.596875 0.73125 0.12890625 0.184375
0 0.10625 0.48046875 0.1703125 0.1625
0 0.80625 0.821875 0.13359375 0.1578125
0 0.60703125 0.0671875 0.1484375 0.134375
0 0.71875 0.7796875 0.08125 0.06484375
0 0.1421875 0.90234375 0.1390625 0.1953125
0 0.0546875 0.0609375 0.10859375 0.096875
0 0.0828125 0.33125 0.165625 0.1984375
0 0.06171875 0.653125 0.12265625 0.096875
0 0.2046875 0.18359375 0.090625 0.1171875
0 0.690625 0.86953125 0.17578125 0.1875
0 0.25 0.6265625 0.14375 0.1328125
0 0.875 0.4390625 0.17109375 0.1765625
0 0.61953125 0.2453125 0.17421875 0.2328125
0 0.66171875 0.64453125 0.13515625 0.09453125
0 0.3734375 0.7109375 0.21953125 0.1875
0 0.534375 0.85234375 0.09140625 0.1921875
0 0.05703125 0.88984375 0.1140625 0.109375
0 0.94375 0.5984375 0.1125 0.15
0 0.23984375 0.8703125 0.0625 0.1609375
0 0.51328125 0.6375 0.0859375 0.13359375
0 0.06015625 0.97265625 0.1203125 0.0546875
0 0.43046875 0.06875 0.146875 0.1375
0 0.715625 0.71953125 0.1296875 0.08203125
0 0.94296875 0.5109375 0.1140625 0.14140625
0 0.271875 0.97109375 0.0890625 0.0578125
0 0.853125 0.61015625 0.15234375 0.11953125
0 0.94296875 0.2875 0.1140625 0.20546875
0 0.8078125 0.71796875 0.11015625 0.0453125
0 0.3453125 0.35546875 0.1625 0.10078125
0 0.3671875 0.14140625 0.16484375 0.25
0 0.47890625 0.396875 0.065625 0.04375
0 0.0234375 0.4875 0.046875 0.075
0 0.03125 0.5890625 0.0625 0.059375