0 0.90078125 0.70859375 0.10078125 0.159375
0 0.9640625 0.8296875 0.071875 0.21171875
0 0.95546875 0.0796875 0.065625 0.05390625
0 0.965625 0.69375 0.06796875 0.1
0 0.43046875 0.69140625 0.103125 0.1859375
0 0.31484375 0.3125 0.165625 0.18515625
0 0.26640625 0.2796875 0.059375 0.0515625
0 0.5375 0.5515625 0.2109375 0.1671875
0 0.93515625 0.209375 0.1296875 0.215625
0 0.890625 0.525 0.11015625 0.15703125
0 0.578125 0.26875 0.25546875 0.3109375
0 0.253125 0.65078125 0.4140625 0.346875
0 0.91015625 0.45625 0.02421875 0.040625