0 0.72265625 0.6296875 0.35390625 0.45703125
0 0.44140625 0.671875 0.190625 0.27421875
0 0.21171875 0.709375 0.378125 0.340625
0 0.115625 0.290625 0.2296875 0.328125
0 0.31796875 0.4203125 0.359375 0.26171875
0 0.45390625 0.246875 0.22265625 0.41640625
0 0.08046875 0.0875 0.1609375 0.17265625
0 0.0890625 0.484375 0.11328125 0.090625
0 0.078125 0.2734375 0.1453125 0.053125
0 0.35625 0.0359375 0.40625 0.07109375
0 0.6265625 0.7796875 0.17109375 0.1859375
0 0.64375 0.07890625 0.18515625 0.153125
0 0.01875 0.765625 0.03515625 0.08515625