0 0.08125 0.08203125 0.06953125 0.1125
0 0.13203125 0.14921875 0.090625 0.103125
0 0.115625 0.22421875 0.1171875 0.10703125
0 0.28515625 0.06640625 0.2671875 0.1328125
0 0.025 0.225 0.04921875 0.08984375
0 0.046875 0.11328125 0.09296875 0.11171875
0 0.415625 0.13515625 0.115625 0.09921875
0 0.12734375 0.46875 0.1703125 0.0921875
0 0.44609375 0.0828125 0.1140625 0.165625
0 0.02109375 0.4671875 0.0421875 0.0875
0 0.10078125 0.8734375 0.10859375 0.1078125
0 0.15703125 0.73828125 0.125 0.140625
0 0.421875 0.71640625 0.115625 0.20703125
0 0.246875 0.85703125 0.07734375 0.165625
0 0.1796875 0.6234375 0.09453125 0.08515625
0 0.01484375 0.90625 0.02890625 0.09296875
0 0.29140625 0.67734375 0.17578125 0.20859375
0 0.0453125 0.8890625 0.08125 0.09609375
0 0.37421875 0.31953125 0.2515625 0.2484375
0 0.38203125 0.87734375 0.2359375 0.16953125
0 0.03203125 0.696875 0.0640625 0.10625
0 0.5390625 0.48359375 0.8640625 0.9671875
0 0.34609375 0.51171875 0.1375 0.1
0 0.7703125 0.2640625 0.07421875 0.0625
0 0.03984375 0.7984375 0.07890625 0.0859375
0 0.53515625 0.146875 0.2578125 0.29375
0 0.4078125 0.56171875 0.1640625 0.17890625
0 0.29296875 0.43203125 0.215625 0.11875
0 0.0578125 0.5984375 0.115625 0.1046875
0 0.1765625 0.32578125 0.125 0.16796875
0 0.2125 0.58046875 0.0671875 0.0984375
0 0.15703125 0.84921875 0.07578125 0.11640625
0 0.0515625 0.209375 0.04375 0.0890625
0 0.071875 0.34375 0.0953125 0.08828125
0 0.028125 0.3640625 0.05625 0.06875
0 0.21953125 0.80234375 0.1015625 0.1265625
0 0.07421875 0.43828125 0.05234375 0.08828125
0 0.203125 0.1421875 0.165625 0.10546875
0 0.08515625 0.28203125 0.0828125 0.0859375
0 0.46953125 0.48828125 0.06015625 0.1015625
0 0.80546875 0.27578125 0.0234375 0.084375