0 0.928125 0.0984375 0.14375 0.196875
0 0.4859375 0.334375 0.18828125 0.27734375
0 0.7171875 0.3625 0.3125 0.328125
0 0.13125 0.2765625 0.2625 0.278125
0 0.3015625 0.2015625 0.3390625 0.35703125
0 0.91875 0.3375 0.14375 0.15234375
0 0.6765625 0.3953125 0.13359375 0.121875
0 0.290625 0.471875 0.41640625 0.2
0 0.22109375 0.90078125 0.109375 0.1984375
0 0.09765625 0.09140625 0.13671875 0.14375
0 0.9890625 0.41953125 0.021875 0.1890625
0 0.1125 0.503125 0.225 0.21015625
0 0.4984375 0.5 0.996875 1
0 0.40546875 0.81015625 0.2203125 0.37890625
0 0.971875 0.2609375 0.05625 0.140625
0 0.31171875 0.65390625 0.25703125 0.16796875
0 0.03046875 0.82578125 0.0609375 0.1828125
0 0.0453125 0.91640625 0.090625 0.16640625
0 0.1359375 0.9296875 0.1 0.140625
0 0.7046875 0.03046875 0.29609375 0.06015625
0 0.0078125 0.95859375 0.01484375 0.0828125
0 0.10625 0.75546875 0.109375 0.2921875