0 0.59765625 0.65625 0.465625 0.5796875
0 0.5375 0.71875 0.3265625 0.5421875
0 0.31171875 0.61015625 0.403125 0.2296875
0 0.41953125 0.4296875 0.24921875 0.1921875
0 0.496875 0.54765625 0.1359375 0.1046875
0 0.7046875 0.47578125 0.228125 0.21640625
0 0.53984375 0.22109375 0.159375 0.4046875
0 0.2765625 0.42109375 0.0984375 0.1625
0 0.84296875 0.365625 0.203125 0.175
0 0.09921875 0.76953125 0.1171875 0.20546875
0 0.1109375 0.47109375 0.21953125 0.13984375
0 0.08359375 0.2796875 0.10546875 0.2
0 0.08828125 0.6625 0.175 0.234375
0 0.44453125 0.0640625 0.10625 0.1265625
0 0.01015625 0.25703125 0.0203125 0.05546875
0 0.18359375 0.084375 0.03828125 0.10859375
0 0.059375 0.14453125 0.1171875 0.1546875
0 0.3890625 0.31171875 0.0609375 0.0453125
0 0.12734375 0.034375 0.2546875 0.06796875
0 0.37890625 0.909375 0.1109375 0.1796875
0 0.209375 0.09453125 0.0234375 0.034375
0 0.0984375 0.16171875 0.1734375 0.05625
0 0.0140625 0.91796875 0.0265625 0.16328125
0 0.059375 0.06796875 0.05859375 0.0234375
0 0.35078125 0.96875 0.03828125 0.05859375
0 0.51875 0.7640625 0.0984375 0.35390625