0 0.92265625 0.7453125 0.153125 0.309375
0 0.71171875 0.915625 0.0765625 0.16875
0 0.8984375 0.65625 0.08046875 0.10625
0 0.81015625 0.85859375 0.234375 0.15546875
0 0.97109375 0.6546875 0.05703125 0.24296875
0 0.83046875 0.084375 0.16015625 0.1484375
0 0.6671875 0.14609375 0.2171875 0.22109375
0 0.97578125 0.1796875 0.0484375 0.19609375
0 0.98359375 0.45 0.0328125 0.096875
0 0.43046875 0.03671875 0.1515625 0.0734375
0 0.7328125 0.6984375 0.09453125 0.121875
0 0.94296875 0.31796875 0.11328125 0.23984375
0 0.046875 0.06953125 0.09375 0.1390625
0 0.82578125 0.2515625 0.11484375 0.2078125
0 0.36484375 0.140625 0.19609375 0.18203125
0 0.0609375 0.28828125 0.121875 0.36953125
0 0.5390625 0.4875 0.921875 0.975
0 0.63046875 0.31953125 0.29375 0.303125
0 0.7703125 0.4734375 0.40859375 0.2
0 0.20625 0.07421875 0.26328125 0.1484375