0 0.8734375 0.0359375 0.02578125 0.03828125
0 0.96484375 0.78125 0.06953125 0.22734375
0 0.9015625 0.0421875 0.0421875 0.084375
0 0.93046875 0.4515625 0.1390625 0.15390625
0 0.95 0.11015625 0.1 0.06171875
0 0.9765625 0.23984375 0.04609375 0.2203125
0 0.95546875 0.6625 0.0890625 0.259375
0 0.6140625 0.0359375 0.11875 0.071875
0 0.1734375 0.33515625 0.225 0.19375
0 0.7171875 0.984375 0.04296875 0.03125
0 0.76015625 0.60546875 0.44375 0.25390625
0 0.675 0.27578125 0.06796875 0.05
0 0.7984375 0.396875 0.10859375 0.1796875
0 0.640625 0.40625 0.27421875 0.2125
0 0.3265625 0.459375 0.25546875 0.23984375
0 0.5140625 0.19921875 0.175 0.3984375
0 0.534375 0.77578125 0.103125 0.3890625
0 0.553125 0.53203125 0.14453125 0.10546875
0 0.68671875 0.9171875 0.12421875 0.16484375
0 0.5015625 0.71328125 0.353125 0.57265625
0 0.94375 0.06015625 0.1125 0.1203125
0 0.203125 0.940625 0.2359375 0.11796875
0 0.39140625 0.4015625 0.1109375 0.13828125
0 0.95 0.37578125 0.1 0.13671875
0 0.7390625 0.77421875 0.046875 0.1078125
0 0.57890625 0.17890625 0.09609375 0.33828125