0 0.47890625 0.1921875 0.178125 0.28046875
0 0.44609375 0.3515625 0.2203125 0.1296875
0 0.3265625 0.33046875 0.1125 0.140625
0 0.2703125 0.41875 0.2359375 0.3140625
0 0.46640625 0.57421875 0.1578125 0.2578125
0 0.13359375 0.48203125 0.134375 0.159375
0 0.484375 0.43984375 0.1703125 0.08515625
0 0.3390625 0.46015625 0.06015625 0.13984375
0 0.68515625 0.51875 0.35546875 0.21484375
0 0.4515625 0.7140625 0.16640625 0.21171875
0 0.66171875 0.4703125 0.2171875 0.03359375
0 0.29140625 0.69140625 0.253125 0.37265625
0 0.321875 0.64921875 0.0640625 0.25078125