0 0.23671875 0.0515625 0.4734375 0.103125
0 0.53828125 0.7265625 0.29140625 0.4359375
0 0.7390625 0.334375 0.51875 0.30625
0 0.909375 0.45546875 0.18125 0.1125
0 0.46328125 0.4765625 0.9265625 0.953125
0 0.94375 0.134375 0.1125 0.171875
0 0.2 0.3625 0.39296875 0.29453125
0 0.47578125 0.2703125 0.18359375 0.2609375
0 0.46015625 0.184375 0.1125 0.1359375
0 0.95546875 0.046875 0.0890625 0.09375
0 0.2484375 0.4046875 0.23203125 0.05
0 0.015625 0.17890625 0.03125 0.2359375
0 0.96171875 0.27734375 0.0765625 0.184375
0 0.93671875 0.959375 0.12578125 0.0765625
0 0.8375 0.77734375 0.23515625 0.2609375
0 0.790625 0.58125 0.15546875 0.16796875
0 0.65390625 0.67578125 0.16171875 0.22734375
0 0.78046875 0.72421875 0.078125 0.0984375
0 0.79921875 0.04609375 0.04453125 0.09140625
0 0.98984375 0.38359375 0.0203125 0.08203125
0 0.59921875 0.46171875 0.24140625 0.23828125
0 0.9046875 0.9125 0.0875 0.04375
0 0.89140625 0.0375 0.09609375 0.07421875
0 0.67265625 0.0859375 0.115625 0.0828125
0 0.853125 0.175 0.1578125 0.05