0 0.08984375 0.96015625 0.125 0.0796875
0 0.065625 0.8765625 0.05859375 0.096875
0 0.08125 0.6421875 0.15859375 0.2796875
0 0.22421875 0.6015625 0.13046875 0.1140625
0 0.11953125 0.54140625 0.075 0.0828125
0 0.10625 0.85546875 0.07890625 0.090625
0 0.29140625 0.83671875 0.08125 0.20703125
0 0.22890625 0.021875 0.16484375 0.04296875
0 0.01953125 0.584375 0.03828125 0.15859375
0 0.04140625 0.55078125 0.08203125 0.20546875
0 0.04765625 0.11875 0.0953125 0.2375
0 0.38515625 0.084375 0.21640625 0.16796875
0 0.03046875 0.31796875 0.0609375 0.13515625
0 0.89296875 0.04609375 0.2140625 0.0921875
0 0.72421875 0.07421875 0.23671875 0.1484375
0 0.62265625 0.2484375 0.2484375 0.39375
0 0.3875 0.24453125 0.22890625 0.29375
0 0.1875 0.75546875 0.22265625 0.14921875
0 0.0921875 0.2046875 0.1171875 0.2484375
0 0.83671875 0.4453125 0.3265625 0.221875
0 0.43984375 0.51484375 0.15859375 0.16796875
0 0.63203125 0.5 0.140625 0.2109375
0 0.44453125 0.76328125 0.15 0.33671875
0 0.2671875 0.39296875 0.42734375 0.23671875
0 0.51953125 0.75546875 0.1203125 0.34375
0 0.03515625 0.4484375 0.0703125 0.084375