0 0.209375 0.09453125 0.0234375 0.034375
0 0.09921875 0.76953125 0.1171875 0.20546875
0 0.18359375 0.084375 0.03828125 0.10859375
0 0.01015625 0.25703125 0.0203125 0.05546875
0 0.059375 0.14453125 0.1171875 0.1546875
0 0.059375 0.06796875 0.05859375 0.0234375
0 0.0140625 0.91796875 0.0265625 0.16328125
0 0.12734375 0.034375 0.2546875 0.06796875
0 0.1109375 0.47109375 0.21953125 0.1390625
0 0.0984375 0.16171875 0.1734375 0.05625
0 0.08359375 0.2796875 0.10546875 0.2
0 0.08828125 0.6625 0.175 0.23515625
0 0.44453125 0.0640625 0.10625 0.1265625
0 0.84296875 0.365625 0.203125 0.175
0 0.35078125 0.96796875 0.0390625 0.05859375
0 0.31171875 0.61015625 0.4015625 0.2296875
0 0.3890625 0.31171875 0.06171875 0.0453125
0 0.2765625 0.42109375 0.0984375 0.1625
0 0.41953125 0.4296875 0.2484375 0.1921875
0 0.70390625 0.47734375 0.23125 0.2171875
0 0.53515625 0.22109375 0.15859375 0.4046875
0 0.515625 0.76484375 0.09296875 0.35234375
0 0.4984375 0.54375 0.13046875 0.0953125
0 0.378125 0.9078125 0.1125 0.18046875
0 0.54609375 0.7203125 0.31953125 0.5421875
0 0.1296875 0.11484375 0.1328125 0.11328125
0 0.815625 0.928125 0.2140625 0.13515625
0 0.6453125 0.42578125 0.10078125 0.125
0 0.10859375 0.40234375 0.15234375 0.1234375
0 0.33046875 0.76328125 0.0421875 0.09765625
0 0.475 0.22421875 0.08671875 0.30625