0 0.084375 0.7078125 0.10859375 0.171875
0 0.02734375 0.8390625 0.0546875 0.228125
0 0.03046875 0.0296875 0.06015625 0.0578125
0 0.02578125 0.6921875 0.05078125 0.1078125
0 0.59140625 0.68984375 0.11171875 0.20078125
0 0.71640625 0.28046875 0.17890625 0.2
0 0.76796875 0.2453125 0.0640625 0.05546875
0 0.47578125 0.53828125 0.228125 0.18046875
0 0.05859375 0.16953125 0.1171875 0.2328125
0 0.0953125 0.51015625 0.11875 0.16953125
0 0.43203125 0.23359375 0.27578125 0.33515625
0 0.77890625 0.64453125 0.4421875 0.3734375
0 0.07421875 0.4359375 0.0265625 0.04375