0 0.71640625 0.63828125 0.36328125 0.46875
0 0.42734375 0.68125 0.1953125 0.28125
0 0.19296875 0.71953125 0.3859375 0.34921875
0 0.10546875 0.2890625 0.2109375 0.33671875
0 0.30078125 0.4234375 0.36875 0.26875
0 0.440625 0.24453125 0.228125 0.42734375
0 0.06953125 0.084375 0.1390625 0.16875
0 0.06640625 0.48828125 0.115625 0.09296875
0 0.0640625 0.27109375 0.128125 0.0546875
0 0.3390625 0.03203125 0.415625 0.0640625
0 0.61796875 0.79140625 0.17578125 0.190625
0 0.63515625 0.07578125 0.18984375 0.15078125
0 0.00546875 0.7765625 0.0109375 0.0875