0 0.91015625 0.1765625 0.1796875 0.178125
0 0.62578125 0.24140625 0.26015625 0.33984375
0 0.30703125 0.2421875 0.265625 0.3609375
0 0.590625 0.678125 0.18984375 0.25234375
0 0.93515625 0.0546875 0.1296875 0.109375
0 0.3875 0.778125 0.209375 0.42109375
0 0.9015625 0.91796875 0.196875 0.1640625
0 0.00703125 0.83046875 0.0140625 0.0328125
0 0.08671875 0.3125 0.17265625 0.35390625
0 0.84765625 0.63203125 0.1109375 0.1515625
0 0.946875 0.3609375 0.0734375 0.08671875
0 0.79140625 0.053125 0.2109375 0.10625
0 0.96171875 0.62421875 0.0765625 0.18359375
0 0.02734375 0.0546875 0.0546875 0.109375
0 0.97421875 0.44375 0.05078125 0.10546875
0 0.58984375 0.12109375 0.07578125 0.0671875
0 0.01328125 0.79609375 0.0265625 0.03203125
0 0.0578125 0.9015625 0.02109375 0.025