0 0.78046875 0.628125 0.12734375 0.17109375
0 0.77890625 0.09921875 0.134375 0.1703125
0 0.653125 0.86484375 0.16953125 0.153125
0 0.23125 0.62734375 0.0953125 0.14765625
0 0.34765625 0.5375 0.203125 0.14453125
0 0.9265625 0.83828125 0.103125 0.1515625
0 0.66015625 0.4828125 0.13203125 0.14453125
0 0.87734375 0.90234375 0.0890625 0.1953125
0 0.12421875 0.41171875 0.2015625 0.17578125
0 0.96328125 0.73984375 0.0734375 0.08125
0 0.55078125 0.13671875 0.1640625 0.16875
0 0.128125 0.1171875 0.2234375 0.23359375
0 0.65078125 0.05234375 0.1625 0.10390625
0 0.63125 0.2625 0.225 0.1765625
0 0.66328125 0.73046875 0.2578125 0.1390625
0 0.62421875 0.5875 0.06953125 0.0890625
0 0.84765625 0.42734375 0.29140625 0.16328125
0 0.53125 0.5765625 0.1125 0.1765625
0 0.4171875 0.8015625 0.1671875 0.1828125
0 0.9078125 0.640625 0.11953125 0.13046875
0 0.11015625 0.58203125 0.1828125 0.14921875
0 0.378125 0.43203125 0.10234375 0.096875
0 0.465625 0.09921875 0.09296875 0.1984375
0 0.878125 0.03984375 0.24375 0.0796875
0 0.2921875 0.3828125 0.078125 0.09296875
0 0.83203125 0.14296875 0.140625 0.171875
0 0.2453125 0.43828125 0.10703125 0.1046875
0 0.57578125 0.78828125 0.134375 0.11484375
0 0.96484375 0.15234375 0.0703125 0.1265625
0 0.4609375 0.3703125 0.08359375 0.11484375
0 0.95390625 0.30234375 0.090625 0.09765625
0 0.4734375 0.88828125 0.08671875 0.2234375
0 0.928125 0.975 0.05625 0.05
0 0.953125 0.23984375 0.09375 0.09296875
0 0.43359375 0.27734375 0.11484375 0.19609375
0 0.54921875 0.9 0.08203125 0.2
0 0.7875 0.52109375 0.1515625 0.11484375
0 0.87578125 0.753125 0.1546875 0.1171875
0 0.6765625 0.9640625 0.1015625 0.071875
0 0.8890625 0.3265625 0.1140625 0.0671875
0 0.76875 0.8625 0.09375 0.1390625