0 0.64140625 0.2625 0.30625 0.40390625
0 0.74921875 0.578125 0.340625 0.24765625
0 0.2671875 0.6046875 0.4625 0.30078125
0 0.56796875 0.69921875 0.14765625 0.2671875
0 0.43984375 0.38046875 0.17578125 0.17890625
0 0.20703125 0.93828125 0.41328125 0.11953125
0 0.315625 0.57890625 0.24765625 0.10078125
0 0.12109375 0.38125 0.16953125 0.19765625
0 0.29921875 0.50078125 0.31953125 0.1375
0 0.36796875 0.33671875 0.11640625 0.16484375
0 0.0875 0.171875 0.14921875 0.3296875
0 0.021875 0.25234375 0.0421875 0.15078125
0 0.2125 0.13984375 0.10625 0.0859375
0 0.09140625 0.7390625 0.178125 0.35390625