0 0.31484375 0.390625 0.18671875 0.08828125
0 0.23671875 0.328125 0.12265625 0.0421875
0 0.11640625 0.25859375 0.1265625 0.203125
0 0.1671875 0.48515625 0.2875 0.2734375
0 0.365625 0.26328125 0.22421875 0.15390625
0 0.35625 0.5296875 0.0734375 0.12578125
0 0.27734375 0.42109375 0.08984375 0.0765625
0 0.40390625 0.32109375 0.14140625 0.1015625
0 0.784375 0.7984375 0.13671875 0.12890625
0 0.7375 0.89453125 0.125 0.2109375
0 0.74609375 0.56328125 0.1546875 0.203125
0 0.88125 0.7296875 0.2375 0.125
0 0.7 0.771875 0.06484375 0.11796875
0 0.79140625 0.7171875 0.05546875 0.025
0 0.24453125 0.54375 0.1140625 0.17421875
0 0.56484375 0.75625 0.13203125 0.1109375
0 0.60625 0.70234375 0.16015625 0.13515625