0 0.64140625 0.2453125 0.32109375 0.4234375
0 0.75546875 0.5765625 0.35703125 0.26015625
0 0.24921875 0.6046875 0.48515625 0.315625
0 0.56484375 0.70390625 0.1546875 0.28046875
0 0.4296875 0.36875 0.184375 0.1875
0 0.2015625 0.94609375 0.40234375 0.1078125
0 0.3 0.578125 0.259375 0.10546875
0 0.0953125 0.3703125 0.178125 0.20703125
0 0.2828125 0.49609375 0.33515625 0.14453125
0 0.3546875 0.3234375 0.12265625 0.17265625
0 0.06953125 0.16171875 0.1390625 0.3234375
0 0.00703125 0.23515625 0.0140625 0.1578125
0 0.19140625 0.1171875 0.1109375 0.08984375
0 0.07890625 0.74453125 0.1578125 0.3703125