0 0.46875 0.24375 0.225 0.42734375
0 0.3265625 0.42265625 0.36875 0.26640625
0 0.6421875 0.79296875 0.171875 0.19375
0 0.36171875 0.03359375 0.41640625 0.06640625
0 0.01875 0.78046875 0.0375 0.0875
0 0.45078125 0.684375 0.18984375 0.2796875
0 0.08359375 0.08515625 0.16484375 0.1703125
0 0.11953125 0.2921875 0.23515625 0.33515625
0 0.7421875 0.61328125 0.36171875 0.3796875
0 0.09296875 0.48984375 0.1171875 0.0953125
0 0.659375 0.078125 0.19296875 0.15546875
0 0.0625 0.275 0.1125 0.0359375
0 0.22109375 0.72421875 0.39296875 0.35234375
0 0.87890625 0.52890625 0.0296875 0.028125
0 0.109375 0.96875 0.125 0.0625