0 0.09296875 0.803125 0.1859375 0.1484375
0 0.05234375 0.91640625 0.1046875 0.115625
0 0.2375 0.89609375 0.065625 0.16953125
0 0.05546875 0.66640625 0.1109375 0.10390625
0 0.05546875 0.9875 0.1109375 0.025
0 0.2484375 0.63828125 0.15078125 0.13984375
0 0.02578125 0.59921875 0.0515625 0.0625
0 0.3984375 0.8984375 0.1765625 0.203125
0 0.27109375 0.98515625 0.0953125 0.02890625
0 0.2875 0.51328125 0.18359375 0.17578125
0 0.0171875 0.49296875 0.034375 0.0796875
0 0.06171875 0.121875 0.12265625 0.13125
0 0.0796875 0.32734375 0.15859375 0.209375
0 0.20078125 0.171875 0.0953125 0.12421875
0 0.05 0.046875 0.09921875 0.09375
0 0.34765625 0.353125 0.17265625 0.10703125
0 0.71171875 0.89453125 0.18515625 0.196875
0 0.48984375 0.39609375 0.06953125 0.04609375
0 0.73828125 0.7375 0.13671875 0.0875
0 0.16171875 0.24140625 0.14765625 0.22421875
0 0.83515625 0.73515625 0.1171875 0.04765625
0 0.90703125 0.43984375 0.18125 0.18203125
0 0.44140625 0.51796875 0.153125 0.18359375
0 0.68125 0.65859375 0.1421875 0.1
0 0.61015625 0.74921875 0.1390625 0.1953125
0 0.69921875 0.46875 0.23828125 0.203125
0 0.5484375 0.8765625 0.0984375 0.20390625
0 0.75390625 0.265625 0.23359375 0.2203125
0 0.95859375 0.2875 0.0828125 0.2265625
0 0.13359375 0.91328125 0.14453125 0.1734375
0 0.09609375 0.4921875 0.18046875 0.175
0 0.740625 0.8 0.08359375 0.0703125
0 0.834375 0.8453125 0.140625 0.16796875
0 0.94765625 0.8015625 0.1046875 0.153125
0 0.634375 0.23671875 0.17734375 0.24453125
0 0.61875 0.06015625 0.1515625 0.11953125
0 0.88828125 0.13984375 0.2234375 0.2796875
0 0.196875 0.05546875 0.2046875 0.11015625
0 0.51640625 0.646875 0.09296875 0.13828125
0 0.3734375 0.1296875 0.18203125 0.259375
0 0.8828125 0.596875 0.16171875 0.17109375
0 0.4328125 0.06171875 0.15625 0.1234375
0 0.971875 0.51875 0.05546875 0.18515625
0 0.4015625 0.7203125 0.2484375 0.22421875
0 0.7453125 0.98828125 0.10546875 0.0234375
0 0.61328125 0.35625 0.090625 0.0671875