0 0.05 0.70625 0.0359375 0.04765625
0 0.1265625 0.4078125 0.08984375 0.13125
0 0.1125 0.79609375 0.15078125 0.09921875
0 0.175 0.284375 0.09140625 0.12578125
0 0.05625 0.4140625 0.1125 0.21484375
0 0.04609375 0.2015625 0.0921875 0.18125
0 0.11015625 0.12265625 0.165625 0.23828125
0 0.215625 0.91484375 0.43125 0.165625
0 0.56875 0.45078125 0.05625 0.03515625
0 0.8109375 0.0890625 0.0390625 0.10859375
0 0.59296875 0.34296875 0.0359375 0.18125
0 0.6421875 0.05546875 0.28671875 0.10859375
0 0.41015625 0.30703125 0.12578125 0.1671875
0 0.44375 0.4578125 0.18671875 0.1640625
0 0.8265625 0.1125 0.1421875 0.15625
0 0.38515625 0.5828125 0.16015625 0.04453125
0 0.6140625 0.29140625 0.24140625 0.40390625
0 0.2734375 0.39765625 0.184375 0.17265625
0 0.54375 0.48671875 0.81171875 0.97265625
0 0.421875 0.1234375 0.0984375 0.1453125
0 0.45390625 0.834375 0.1828125 0.21640625