0 0.47734375 0.471875 0.6765625 0.903125
0 0.309375 0.6390625 0.33515625 0.275
0 0.4078125 0.47265625 0.25546875 0.1546875
0 0.746875 0.3171875 0.275 0.2671875
0 0.13828125 0.25625 0.16328125 0.18828125
0 0.52578125 0.3234375 0.07734375 0.1140625
0 0.25390625 0.44765625 0.1515625 0.20703125
0 0.496875 0.4046875 0.08203125 0.040625
0 0.090625 0.13203125 0.10078125 0.07265625
0 0.35546875 0.028125 0.1671875 0.05625
0 0.046875 0.16484375 0.09296875 0.02578125
0 0.40859375 0.4609375 0.19296875 0.0203125
0 0.01875 0.2453125 0.0375 0.08125
0 0.51328125 0.4640625 0.08984375 0.0296875