0 0.45703125 0.24296875 0.21953125 0.41640625
0 0.31875 0.41796875 0.359375 0.259375
0 0.62578125 0.77890625 0.16796875 0.18828125
0 0.35234375 0.0359375 0.40546875 0.0703125
0 0.01875 0.76640625 0.0359375 0.08515625
0 0.43984375 0.67265625 0.18515625 0.27265625
0 0.08125 0.0875 0.1609375 0.16953125
0 0.11640625 0.290625 0.2296875 0.3265625
0 0.7234375 0.603125 0.353125 0.3703125
0 0.090625 0.4828125 0.1140625 0.09296875
0 0.64296875 0.0796875 0.18828125 0.15546875
0 0.0609375 0.27421875 0.109375 0.03515625
0 0.215625 0.71171875 0.3828125 0.34375
0 0.85625 0.521875 0.02890625 0.02734375
0 0.1078125 0.95859375 0.12265625 0.07578125