0 0.459375 0.3296875 0.34609375 0.30703125
0 0.7234375 0.4109375 0.5453125 0.2546875
0 0.61328125 0.7421875 0.25625 0.3703125
0 0.72109375 0.2015625 0.0734375 0.175
0 0.81796875 0.06328125 0.0953125 0.05390625
0 0.58359375 0.06953125 0.2234375 0.1390625
0 0.1109375 0.60546875 0.2203125 0.16328125
0 0.9734375 0.71015625 0.05234375 0.20390625
0 0.94375 0.60078125 0.1125 0.06953125
0 0.71953125 0.915625 0.45703125 0.16875
0 0.81328125 0.94609375 0.2140625 0.1078125
0 0.5109375 0.175 0.14296875 0.2046875
0 0.834375 0.846875 0.2328125 0.1796875
0 0.3703125 0.68984375 0.1765625 0.28671875
0 0.2703125 0.4328125 0.31953125 0.36484375
0 0.928125 0.1734375 0.14375 0.20234375
0 0.92421875 0.0625 0.1515625 0.125
0 0.8203125 0.4046875 0.30859375 0.09609375
0 0.88203125 0.63203125 0.08046875 0.14375
0 0.98359375 0.44453125 0.0328125 0.10234375
0 0.80859375 0.00703125 0.0609375 0.0140625
0 0.81015625 0.1140625 0.21875 0.0671875
0 0.721875 0.034375 0.0375 0.06875
0 0.4421875 0.64140625 0.06171875 0.18984375
0 0.9421875 0.53359375 0.115625 0.0390625
0 0.953125 0.0875 0.09375 0.07890625
0 0.8546875 0.98125 0.18359375 0.0375
0 0.78671875 0.82421875 0.0859375 0.09609375
0 0.0515625 0.9609375 0.10234375 0.078125