0 0.553125 0.22421875 0.1640625 0.25859375
0 0.5828125 0.3703125 0.203125 0.11953125
0 0.69296875 0.3515625 0.10390625 0.1296875
0 0.7453125 0.4328125 0.21796875 0.28984375
0 0.5640625 0.57578125 0.1453125 0.23828125
0 0.87109375 0.490625 0.1234375 0.146875
0 0.54765625 0.4515625 0.15703125 0.07890625
0 0.68125 0.4703125 0.05546875 0.12890625
0 0.3625 0.52421875 0.328125 0.19765625
0 0.57734375 0.7046875 0.153125 0.1953125
0 0.384375 0.4796875 0.20078125 0.03046875
0 0.72578125 0.684375 0.2328125 0.34375
0 0.69765625 0.64453125 0.059375 0.23125