0 0.375 0.1921875 0.27421875 0.384375
0 0.3 0.3859375 0.38359375 0.2890625
0 0.77578125 0.20859375 0.37265625 0.29765625
0 0.428125 0.5 0.85625 1
0 0.27109375 0.67890625 0.3578125 0.3109375
0 0.9796875 0.01953125 0.0375 0.0390625
0 0.99375 0.065625 0.01171875 0.01875
0 0.16171875 0.92421875 0.32265625 0.15078125
0 0.95703125 0.06015625 0.02578125 0.02890625
0 0.934375 0.05703125 0.0234375 0.02421875
0 0.6203125 0.378125 0.20625 0.2796875
0 0.0625 0.71875 0.125 0.240625
0 0.1875 0.88359375 0.1359375 0.13125
0 0.05078125 0.228125 0.1015625 0.3828125
0 0.21953125 0.146875 0.1140625 0.2046875
0 0.0171875 0.040625 0.034375 0.05234375
0 0.009375 0.8375 0.01875 0.08203125
0 0.09765625 0.52265625 0.1734375 0.10546875
0 0.1734375 0.04609375 0.08671875 0.08671875
0 0.128125 0.14765625 0.1125 0.02890625
0 0.01484375 0.57265625 0.0296875 0.0828125
0 0.546875 0.04921875 0.08203125 0.09765625