0 0.1265625 0.2109375 0.2453125 0.2953125
0 0.33828125 0.8625 0.09609375 0.14609375
0 0.2 0.884375 0.1953125 0.1484375
0 0.38515625 0.1953125 0.15234375 0.253125
0 0.61484375 0.7515625 0.20078125 0.27734375
0 0.41328125 0.84921875 0.0640625 0.15078125
0 0.609375 0.471875 0.215625 0.12578125
0 0.653125 0.57109375 0.18984375 0.12890625
0 0.2296875 0.5203125 0.20546875 0.25625
0 0.80625 0.48203125 0.20078125 0.2328125
0 0.0828125 0.559375 0.109375 0.08515625
0 0.1765625 0.7234375 0.0671875 0.0828125
0 0.88125 0.715625 0.2234375 0.21640625
0 0.0234375 0.52265625 0.0453125 0.0984375
0 0.49296875 0.4296875 0.14375 0.21171875
0 0.0875 0.77265625 0.1125 0.19609375
0 0.09453125 0.64140625 0.13203125 0.07421875
0 0.0484375 0.91484375 0.09375 0.10234375
0 0.30859375 0.42890625 0.103125 0.1921875
0 0.0328125 0.228125 0.065625 0.07265625
0 0.0234375 0.82734375 0.046875 0.0703125
0 0.10546875 0.9109375 0.1046875 0.10546875
0 0.04765625 0.6703125 0.09453125 0.0546875