0 0.53671875 0.48359375 0.9265625 0.9671875
0 0.28125 0.41953125 0.365625 0.20625
0 0.30625 0.1734375 0.2953125 0.33515625
0 0.13125 0.240625 0.2625 0.26875
0 0.45 0.30390625 0.15234375 0.259375
0 0.65546875 0.3375 0.2578125 0.30546875
0 0.1234375 0.065625 0.1296875 0.12734375
0 0.61640625 0.37109375 0.11640625 0.1046875
0 0.6359375 0.02734375 0.228125 0.0546875
0 0.090625 0.446875 0.17265625 0.2046875
0 0.3828125 0.75 0.21640625 0.39609375
0 0.278125 0.909375 0.34765625 0.16953125
0 0.20078125 0.8140625 0.0890625 0.2140625
0 0.83671875 0.32890625 0.1546875 0.1484375
0 0.9046875 0.10546875 0.18984375 0.20390625
0 0.04453125 0.6515625 0.08671875 0.265625
0 0.32265625 0.575 0.18984375 0.15625
0 0.94296875 0.40546875 0.10546875 0.17578125
0 0.9328125 0.2578125 0.134375 0.1265625