0 0.7984375 0.42109375 0.20078125 0.24921875
0 0.73828125 0.66875 0.25859375 0.02734375
0 0.540625 0.2984375 0.18515625 0.509375
0 0.75078125 0.6765625 0.3171875 0.3234375
0 0.1046875 0.08828125 0.053125 0.06484375
0 0.4484375 0.59921875 0.28046875 0.15625
0 0.3140625 0.75859375 0.5046875 0.26328125
0 0.18828125 0.16953125 0.1234375 0.0984375
0 0.2203125 0.72578125 0.21015625 0.05703125
0 0.73359375 0.57890625 0.196875 0.07421875
0 0.43203125 0.5890625 0.1578125 0.021875
0 0.05703125 0.10859375 0.11328125 0.03359375
0 0.90859375 0.546875 0.1828125 0.10546875