0 0.89921875 0.75234375 0.2015625 0.1265625
0 0.771875 0.90625 0.12734375 0.18671875
0 0.78203125 0.58359375 0.15546875 0.20546875
0 0.34609375 0.40859375 0.18828125 0.08984375
0 0.82109375 0.821875 0.13828125 0.1296875
0 0.396875 0.28046875 0.2265625 0.15546875
0 0.26640625 0.3453125 0.12421875 0.0421875
0 0.73515625 0.7953125 0.065625 0.11796875
0 0.3875 0.54921875 0.07421875 0.128125
0 0.64140625 0.7234375 0.16796875 0.13515625
0 0.275 0.5640625 0.1140625 0.175
0 0.603125 0.778125 0.1484375 0.109375
0 0.19609375 0.5046875 0.290625 0.27734375
0 0.30703125 0.43984375 0.08984375 0.07734375
0 0.4359375 0.33828125 0.1421875 0.103125
0 0.1453125 0.27578125 0.128125 0.20625
0 0.82734375 0.7390625 0.05625 0.025