0 0.52734375 0.490625 0.9453125 0.98125
0 0.2671875 0.421875 0.3734375 0.21015625
0 0.29296875 0.17109375 0.30234375 0.3421875
0 0.12421875 0.23984375 0.2484375 0.2734375
0 0.43984375 0.30390625 0.15546875 0.26484375
0 0.64921875 0.33828125 0.26328125 0.31171875
0 0.10546875 0.0625 0.1328125 0.125
0 0.609375 0.371875 0.11875 0.10703125
0 0.6296875 0.025 0.2328125 0.05
0 0.0796875 0.4484375 0.159375 0.209375
0 0.37109375 0.759375 0.22109375 0.40390625
0 0.26328125 0.9171875 0.3546875 0.165625
0 0.18515625 0.825 0.090625 0.21796875
0 0.834375 0.32890625 0.15859375 0.1515625
0 0.903125 0.10234375 0.19375 0.2046875
0 0.034375 0.65859375 0.06875 0.2703125
0 0.31015625 0.58046875 0.19375 0.159375
0 0.94296875 0.4078125 0.1078125 0.17890625
0 0.93203125 0.25703125 0.1359375 0.1296875