0 0.3703125 0.23828125 0.3265625 0.43046875
0 0.2546875 0.575 0.36328125 0.2640625
0 0.7609375 0.603125 0.47734375 0.3203125
0 0.4484375 0.70390625 0.15703125 0.28515625
0 0.58515625 0.3640625 0.1875 0.190625
0 0.80625 0.94765625 0.38671875 0.1046875
0 0.71796875 0.57578125 0.2640625 0.10703125
0 0.9171875 0.36484375 0.16484375 0.21015625
0 0.734375 0.49296875 0.340625 0.146875
0 0.66171875 0.3171875 0.12421875 0.17578125
0 0.940625 0.15859375 0.11875 0.3171875
0 0.82734375 0.1078125 0.11328125 0.09140625
0 0.93046875 0.746875 0.13828125 0.37734375