0 0.09453125 0.078125 0.1890625 0.15546875
0 0.06484375 0.2109375 0.12890625 0.1375
0 0.05078125 0.3734375 0.1015625 0.19375
0 0.85390625 0.81875 0.09921875 0.23203125
0 0.76875 0.92109375 0.38125 0.1578125
0 0.934375 0.03515625 0.13125 0.0703125
0 0.89296875 0.184375 0.2140625 0.275
0 0.74140625 0.15 0.32109375 0.29921875
0 0.35078125 0.2953125 0.2875 0.3296875
0 0.4984375 0.49609375 0.996875 0.9921875
0 0.57734375 0.26171875 0.1671875 0.2828125
0 0.93671875 0.4109375 0.1265625 0.22421875
0 0.40703125 0.33359375 0.11328125 0.10390625
0 0.9546875 0.65 0.090625 0.26953125
0 0.76640625 0.3859375 0.40234375 0.21328125
0 0.75 0.55859375 0.2625 0.159375
0 0.98984375 0.6453125 0.0203125 0.284375
0 0.15703125 0.29296875 0.165625 0.165625
0 0.65234375 0.753125 0.23984375 0.43046875
0 0.934375 0.8734375 0.0765625 0.25234375
0 0.26796875 0.03046875 0.02421875 0.01953125
0 0.24921875 0.015625 0.02734375 0.02578125