0 0.8515625 0.4265625 0.2453125 0.38125
0 0.3265625 0.16484375 0.13125 0.25390625
0 0.425 0.790625 0.26640625 0.39765625
0 0.5171875 0.23984375 0.296875 0.409375
0 0.11328125 0.6140625 0.2265625 0.4
0 0.65546875 0.63984375 0.1515625 0.20625
0 0.10078125 0.12578125 0.2015625 0.15859375
0 0.50234375 0.64453125 0.1390625 0.17890625
0 0.784375 0.82421875 0.15 0.15234375
0 0.16171875 0.46796875 0.13671875 0.178125
0 0.16640625 0.95390625 0.1828125 0.0921875
0 0.05 0.28984375 0.1 0.2515625
0 0.3796875 0.95 0.20625 0.1
0 0.234375 0.91328125 0.1078125 0.15625
0 0.07890625 0.896875 0.084375 0.18671875
0 0.2375 0.3171875 0.1109375 0.12578125
0 0.0296875 0.828125 0.03984375 0.1421875
0 0.021875 0.29453125 0.04375 0.0984375