0 0.73671875 0.56796875 0.1375 0.13828125
0 0.80859375 0.24453125 0.2265625 0.2015625
0 0.1078125 0.115625 0.215625 0.1796875
0 0.5171875 0.14140625 0.26875 0.2828125
0 0.3390625 0.1125 0.121875 0.225
0 0.62578125 0.45390625 0.13828125 0.16171875
0 0.1234375 0.63125 0.246875 0.40625
0 0.06171875 0.3515625 0.1234375 0.23671875
0 0.25 0.2953125 0.10546875 0.1515625
0 0.403125 0.66875 0.25390625 0.42109375
0 0.34140625 0.89609375 0.16875 0.12265625
0 0.02734375 0.87890625 0.0546875 0.18203125
0 0.08203125 0.89765625 0.08125 0.15546875
0 0.465625 0.5390625 0.16484375 0.275
0 0.040625 0.35703125 0.07890625 0.07109375
0 0.85390625 0.09140625 0.1390625 0.1828125
0 0.14453125 0.49140625 0.159375 0.234375
0 0.45390625 0.27109375 0.13984375 0.0859375