0 0.72578125 0.571875 0.13359375 0.134375
0 0.7953125 0.2578125 0.2203125 0.1953125
0 0.1125 0.13359375 0.215625 0.17421875
0 0.5125 0.1484375 0.26171875 0.29453125
0 0.33984375 0.12109375 0.11875 0.2390625
0 0.6171875 0.4609375 0.134375 0.15703125
0 0.12734375 0.634375 0.24765625 0.39296875
0 0.065625 0.3625 0.13046875 0.22890625
0 0.25234375 0.30703125 0.103125 0.14765625
0 0.4015625 0.6703125 0.246875 0.409375
0 0.340625 0.89140625 0.1640625 0.11953125
0 0.03203125 0.875 0.0609375 0.175
0 0.0890625 0.8921875 0.07890625 0.15078125
0 0.4625 0.54375 0.16015625 0.2671875
0 0.0484375 0.3671875 0.0765625 0.06875
0 0.840625 0.1 0.13671875 0.2
0 0.15 0.4984375 0.1546875 0.22734375
0 0.45078125 0.28359375 0.1359375 0.08359375