0 0.28671875 0.53046875 0.42734375 0.29140625
0 0.3984375 0.834375 0.43359375 0.278125
0 0.68671875 0.08671875 0.21015625 0.1734375
0 0.84765625 0.3296875 0.30390625 0.28515625
0 0.73203125 0.646875 0.14296875 0.13125
0 0.096875 0.903125 0.17265625 0.10703125
0 0.64453125 0.58046875 0.090625 0.04765625
0 0.50546875 0.25 0.303125 0.22578125
0 0.4890625 0.40625 0.184375 0.14453125
0 0.89765625 0.5234375 0.2046875 0.14140625
0 0.12109375 0.9546875 0.1953125 0.0765625
0 0.046875 0.81484375 0.09375 0.1453125
0 0.92265625 0.77890625 0.1546875 0.2484375
0 0.0703125 0.62265625 0.13984375 0.178125
0 0.3390625 0.165625 0.15234375 0.1453125
0 0.728125 0.434375 0.08984375 0.14296875
0 0.86171875 0.025 0.2734375 0.05
0 0.60703125 0.715625 0.221875 0.16171875
0 0.23515625 0.75703125 0.11796875 0.121875
0 0.7 0.871875 0.24453125 0.1671875
0 0.05859375 0.53671875 0.06640625 0.09921875
0 0.753125 0.309375 0.20078125 0.05234375
0 0.0203125 0.40625 0.03984375 0.159375
0 0.0484375 0.48046875 0.0953125 0.0796875
0 0.10234375 0.75703125 0.19453125 0.15234375
0 0.31796875 0.93828125 0.17578125 0.07578125
0 0.8625 0.8421875 0.0765625 0.02421875
0 0.23203125 0.49765625 0.2390625 0.14921875
0 0.6515625 0.02421875 0.096875 0.0484375
0 0.0203125 0.5125 0.03984375 0.08046875
0 0.01484375 0.628125 0.0296875 0.05078125
0 0.1046875 0.53828125 0.0375 0.065625
0 0.88828125 0.63359375 0.0984375 0.05703125