0 0.5234375 0.6390625 0.275 0.41015625
0 0.86640625 0.76875 0.08359375 0.18359375
0 0.75546875 0.16796875 0.11015625 0.14375
0 0.16640625 0.65 0.14921875 0.15390625
0 0.76796875 0.85546875 0.17734375 0.17578125
0 0.925 0.6953125 0.040625 0.13203125
0 0.6671875 0.06640625 0.153125 0.1328125
0 0.12421875 0.31953125 0.2484375 0.2171875
0 0.94296875 0.15234375 0.1140625 0.25234375
0 0.90703125 0.02109375 0.1859375 0.0421875
0 0.30859375 0.46015625 0.17109375 0.190625
0 0.8796875 0.4359375 0.240625 0.4046875
0 0.475 0.1359375 0.30625 0.271875
0 0.47265625 0.48671875 0.13671875 0.20234375
0 0.10234375 0.1546875 0.15390625 0.28125
0 0.42265625 0.20859375 0.1078125 0.19765625
0 0.7859375 0.2671875 0.09296875 0.12421875
0 0.7484375 0.6421875 0.1515625 0.13828125
0 0.82109375 0.3359375 0.12265625 0.1984375