0 0.2453125 0.59375 0.40703125 0.27734375
0 0.35 0.875 0.41328125 0.25
0 0.62734375 0.13671875 0.2015625 0.234375
0 0.80546875 0.40390625 0.33828125 0.27109375
0 0.66953125 0.7046875 0.13671875 0.125
0 0.07265625 0.9484375 0.1453125 0.103125
0 0.58671875 0.6421875 0.0859375 0.0453125
0 0.45390625 0.32734375 0.2890625 0.215625
0 0.4375 0.47578125 0.17578125 0.1375
0 0.85234375 0.58828125 0.24296875 0.1359375
0 0.08984375 0.9796875 0.1796875 0.03984375
0 0.03046875 0.86484375 0.0609375 0.1390625
0 0.86875 0.8328125 0.17890625 0.2375
0 0.05234375 0.68203125 0.1046875 0.1703125
0 0.2953125 0.246875 0.1453125 0.1390625
0 0.66640625 0.50234375 0.08515625 0.1359375
0 0.803125 0.06796875 0.28125 0.1359375
0 0.55078125 0.7703125 0.2109375 0.15390625
0 0.19609375 0.81015625 0.1125 0.11640625
0 0.6390625 0.91953125 0.2328125 0.159375
0 0.02890625 0.59921875 0.0578125 0.0953125
0 0.68984375 0.3828125 0.19140625 0.05
0 0.03046875 0.5453125 0.0609375 0.075
0 0.08046875 0.80859375 0.1609375 0.1453125
0 0.27421875 0.97265625 0.16796875 0.0546875
0 0.79453125 0.89140625 0.0734375 0.0234375
0 0.19296875 0.5625 0.228125 0.1421875
0 0.59453125 0.0890625 0.09375 0.09453125
0 0.071875 0.6015625 0.0359375 0.0625
0 0.81796875 0.6921875 0.09375 0.05390625