0 0.5984375 0.83203125 0.128125 0.1375
0 0.4640625 0.70234375 0.15234375 0.165625
0 0.28203125 0.28046875 0.13125 0.09609375
0 0.153125 0.5203125 0.3046875 0.28984375
0 0.6578125 0.51015625 0.3859375 0.2578125
0 0.1234375 0.1265625 0.1328125 0.22734375
0 0.9078125 0.30234375 0.15078125 0.1671875
0 0.5796875 0.1921875 0.37265625 0.215625
0 0.31640625 0.096875 0.21796875 0.1375
0 0.85234375 0.2078125 0.17421875 0.07890625
0 0.296875 0.85 0.1875 0.234375
0 0.115625 0.3453125 0.22109375 0.13515625
0 0.40390625 0.253125 0.17734375 0.0828125
0 0.8015625 0.15078125 0.11796875 0.040625