0 0.3234375 0.21015625 0.13203125 0.278125
0 0.7625 0.68203125 0.146875 0.14453125
0 0.8359375 0.3359375 0.2453125 0.21875
0 0.4078125 0.78515625 0.2765625 0.4296875
0 0.0953125 0.22578125 0.190625 0.190625
0 0.47265625 0.64609375 0.165625 0.2828125
0 0.62265625 0.52421875 0.11796875 0.11953125
0 0.2265625 0.4140625 0.1203125 0.18046875
0 0.11015625 0.76640625 0.2203125 0.42265625
0 0.515625 0.20546875 0.290625 0.3921875
0 0.0171875 0.475 0.034375 0.0671875
0 0.13828125 0.6203125 0.1625 0.2875
0 0.89140625 0.16171875 0.171875 0.32265625
0 0.55234375 0.3 0.08984375 0.2125