0 0.46328125 0.69609375 0.26796875 0.4
0 0.12890625 0.8234375 0.08203125 0.1796875
0 0.23671875 0.23671875 0.10703125 0.140625
0 0.8125 0.70703125 0.14609375 0.15
0 0.225 0.9078125 0.17265625 0.171875
0 0.071875 0.7515625 0.03984375 0.12890625
0 0.32265625 0.1015625 0.1484375 0.20234375
0 0.85625 0.3859375 0.253125 0.21171875
0 0.05546875 0.2203125 0.1109375 0.246875
0 0.08984375 0.0578125 0.17890625 0.11484375
0 0.6734375 0.521875 0.1671875 0.1859375
0 0.11640625 0.4984375 0.2328125 0.3953125
0 0.5109375 0.16875 0.29921875 0.3375
0 0.51328125 0.54765625 0.13359375 0.19765625
0 0.875 0.2234375 0.15 0.27421875
0 0.56171875 0.2765625 0.10546875 0.19296875
0 0.20703125 0.33359375 0.090625 0.12109375
0 0.24453125 0.69921875 0.1484375 0.13515625
0 0.17265625 0.40078125 0.11953125 0.19375