0 0.50625 0.6578125 0.2484375 0.3703125
0 0.815625 0.775 0.07578125 0.16640625
0 0.715625 0.2328125 0.09921875 0.1296875
0 0.1828125 0.66796875 0.13515625 0.1390625
0 0.72578125 0.853125 0.16015625 0.15859375
0 0.86796875 0.709375 0.03671875 0.11875
0 0.63671875 0.1015625 0.13828125 0.20234375
0 0.1421875 0.37109375 0.234375 0.19609375
0 0.9 0.21953125 0.134375 0.228125
0 0.8765625 0.0625 0.21484375 0.115625
0 0.31171875 0.496875 0.1546875 0.171875
0 0.83203125 0.475 0.22578125 0.36484375
0 0.4625 0.165625 0.2765625 0.32421875
0 0.459375 0.5203125 0.1234375 0.1828125
0 0.125 0.2203125 0.1390625 0.25390625
0 0.41484375 0.26953125 0.096875 0.17890625
0 0.74296875 0.32265625 0.084375 0.11171875
0 0.70859375 0.6609375 0.13671875 0.125
0 0.77421875 0.384375 0.11015625 0.1796875