0 0.34296875 0.19765625 0.259375 0.384375
0 0.64375 0.72265625 0.32421875 0.37890625
0 0.32109375 0.7625 0.13203125 0.14296875
0 0.49921875 0.12578125 0.153125 0.23359375
0 0.659375 0.26875 0.1421875 0.11640625
0 0.14765625 0.46484375 0.2140625 0.2046875
0 0.48828125 0.32734375 0.0953125 0.08671875
0 0.865625 0.55078125 0.26796875 0.37578125
0 0.053125 0.32109375 0.10625 0.2796875
0 0.5046875 0.56953125 0.17734375 0.14140625
0 0.35625 0.296875 0.0359375 0.26796875
0 0.94375 0.89296875 0.1125 0.12890625
0 0.70625 0.09140625 0.23828125 0.1828125
0 0.98203125 0.78515625 0.0359375 0.1390625
0 0.8 0.90859375 0.146875 0.17890625
0 0.87109375 0.24140625 0.175 0.2328125
0 0.79453125 0.41484375 0.190625 0.16953125
0 0.4265625 0.371875 0.0859375 0.10078125
0 0.66328125 0.9515625 0.0515625 0.0828125
0 0.715625 0.9296875 0.08125 0.0703125
0 0.9859375 0.4546875 0.028125 0.12890625
0 0.02734375 0.4328125 0.05390625 0.34296875
0 0.79765625 0.10390625 0.03046875 0.0609375
0 0.93125 0.28828125 0.065625 0.13984375
0 0.65390625 0.053125 0.06875 0.10625
0 0.846875 0.0703125 0.05546875 0.12265625
0 0.61796875 0.36953125 0.05625 0.0734375