0 0.2859375 0.56171875 0.38203125 0.26015625
0 0.38515625 0.8328125 0.3875 0.2484375
0 0.64453125 0.1328125 0.1890625 0.21953125
0 0.81171875 0.3828125 0.3171875 0.25390625
0 0.68359375 0.665625 0.128125 0.1171875
0 0.115625 0.89453125 0.1546875 0.09609375
0 0.60625 0.60625 0.08125 0.04296875
0 0.48203125 0.3109375 0.27109375 0.2015625
0 0.46640625 0.45078125 0.16484375 0.12890625
0 0.85546875 0.55625 0.228125 0.12734375
0 0.13828125 0.940625 0.175 0.06875
0 0.07265625 0.8171875 0.0859375 0.1296875
0 0.8703125 0.78515625 0.16796875 0.22265625
0 0.0828125 0.64453125 0.14453125 0.1609375
0 0.3328125 0.2359375 0.13671875 0.1296875
0 0.68046875 0.47578125 0.0796875 0.12734375
0 0.81171875 0.06796875 0.2640625 0.13125
0 0.571875 0.72734375 0.1984375 0.14453125
0 0.23984375 0.7640625 0.10546875 0.10859375
0 0.65546875 0.86640625 0.21875 0.14921875
0 0.08203125 0.5671875 0.059375 0.0890625
0 0.703125 0.3640625 0.17890625 0.046875
0 0.03671875 0.4515625 0.05859375 0.14140625
0 0.07265625 0.5171875 0.08515625 0.07109375
0 0.12109375 0.7640625 0.1734375 0.1359375
0 0.3140625 0.92578125 0.15703125 0.0671875
0 0.80078125 0.840625 0.06875 0.021875
0 0.2375 0.53203125 0.2140625 0.1328125
0 0.6140625 0.0875 0.08828125 0.0890625
0 0.03828125 0.54609375 0.05703125 0.07109375
0 0.03828125 0.65 0.03828125 0.0453125
0 0.1234375 0.56875 0.03359375 0.05859375
0 0.8234375 0.65390625 0.08828125 0.05078125