0 0.64609375 0.203125 0.25234375 0.37265625
0 0.35390625 0.71328125 0.31484375 0.36796875
0 0.66796875 0.75234375 0.12890625 0.1390625
0 0.49375 0.13359375 0.1484375 0.2265625
0 0.3390625 0.271875 0.13828125 0.1125
0 0.8359375 0.46328125 0.20859375 0.1984375
0 0.5046875 0.32890625 0.09296875 0.084375
0 0.1359375 0.54609375 0.26484375 0.36484375
0 0.93125 0.3234375 0.11015625 0.271875
0 0.4890625 0.56484375 0.17265625 0.1375
0 0.63359375 0.29921875 0.03515625 0.26015625
0 0.059375 0.87890625 0.11796875 0.125
0 0.29375 0.09453125 0.23203125 0.1890625
0 0.021875 0.775 0.04375 0.13515625
0 0.2015625 0.89375 0.1421875 0.1734375
0 0.1328125 0.24609375 0.1703125 0.2265625
0 0.2078125 0.4140625 0.18515625 0.16484375
0 0.56484375 0.37265625 0.08359375 0.09765625
0 0.33515625 0.9359375 0.05 0.08046875
0 0.284375 0.9140625 0.07890625 0.06796875
0 0.01796875 0.45390625 0.034375 0.1265625
0 0.9546875 0.43203125 0.053125 0.3328125
0 0.20390625 0.1125 0.0296875 0.059375
0 0.075 0.29140625 0.0640625 0.1359375
0 0.34453125 0.05703125 0.06640625 0.1140625
0 0.15625 0.0796875 0.05390625 0.11953125
0 0.37890625 0.3703125 0.0546875 0.07109375