0 0.41953125 0.85234375 0.13671875 0.146875
0 0.56328125 0.71484375 0.1625 0.1765625
0 0.7578125 0.2640625 0.13984375 0.103125
0 0.86640625 0.51953125 0.26640625 0.30859375
0 0.35625 0.509375 0.41171875 0.275
0 0.92734375 0.11015625 0.14140625 0.2203125
0 0.08984375 0.2875 0.1609375 0.178125
0 0.43984375 0.1703125 0.39765625 0.2296875
0 0.72109375 0.07109375 0.23203125 0.14140625
0 0.14921875 0.18671875 0.1859375 0.08359375
0 0.7421875 0.87109375 0.2 0.25
0 0.909375 0.33203125 0.18125 0.1453125
0 0.628125 0.23515625 0.1890625 0.08828125
0 0.20390625 0.12578125 0.12578125 0.04375