0 0.52890625 0.74609375 0.24296875 0.47109375
0 0.565625 0.57421875 0.125 0.24140625
0 0.1421875 0.14921875 0.23984375 0.178125
0 0.84140625 0.64375 0.13359375 0.13828125
0 0.5546875 0.17421875 0.275 0.3484375
0 0.86875 0.3296875 0.22578125 0.19765625
0 0.3140625 0.33359375 0.09375 0.1546875
0 0.22265625 0.64609375 0.2078125 0.39375
0 0.25859375 0.50546875 0.10859375 0.2296875
0 0.38359375 0.15078125 0.1359375 0.24765625
0 0.6125 0.29609375 0.08984375 0.16171875
0 0.11875 0.37265625 0.09453125 0.08046875
0 0.890625 0.15390625 0.159375 0.27109375
0 0.709375 0.49765625 0.15078125 0.1515625
0 0.2375 0.9140625 0.07265625 0.159375
0 0.3328125 0.94921875 0.13359375 0.0921875
0 0.2359375 0.20234375 0.13125 0.125