0 0.8546875 0.4046875 0.22421875 0.34921875
0 0.37421875 0.16484375 0.1203125 0.2328125
0 0.4640625 0.73828125 0.24375 0.3640625
0 0.5484375 0.23359375 0.271875 0.37421875
0 0.16875 0.57890625 0.2296875 0.36640625
0 0.675 0.6 0.1390625 0.18828125
0 0.14453125 0.1296875 0.23125 0.14453125
0 0.534375 0.6046875 0.12734375 0.1640625
0 0.79296875 0.76875 0.1375 0.1390625
0 0.2234375 0.44296875 0.125 0.16328125
0 0.22734375 0.9234375 0.1671875 0.153125
0 0.0953125 0.28125 0.14375 0.22890625
0 0.4234375 0.91796875 0.18984375 0.1578125
0 0.2890625 0.85078125 0.0984375 0.14296875
0 0.146875 0.83515625 0.07734375 0.17109375
0 0.2921875 0.30390625 0.1015625 0.115625
0 0.10234375 0.771875 0.03671875 0.1296875
0 0.0796875 0.28515625 0.071875 0.0921875