0 0.73828125 0.5546875 0.140625 0.14140625
0 0.81171875 0.225 0.23125 0.20546875
0 0.103125 0.09375 0.20625 0.18359375
0 0.5140625 0.13203125 0.2734375 0.2640625
0 0.3328125 0.10234375 0.12421875 0.2046875
0 0.62421875 0.43828125 0.140625 0.16484375
0 0.11953125 0.61953125 0.2390625 0.41328125
0 0.05625 0.3328125 0.1125 0.240625
0 0.2421875 0.2765625 0.1078125 0.1546875
0 0.3984375 0.6578125 0.25859375 0.4296875
0 0.334375 0.8890625 0.171875 0.125
0 0.02109375 0.8703125 0.0421875 0.184375
0 0.0703125 0.890625 0.0828125 0.1578125
0 0.46171875 0.525 0.16796875 0.28046875
0 0.03359375 0.3390625 0.0671875 0.071875
0 0.8578125 0.08125 0.14296875 0.1625
0 0.134375 0.4765625 0.1625 0.23828125
0 0.45 0.2515625 0.1421875 0.0875