0 0.3484375 0.21171875 0.1296875 0.2734375
0 0.78046875 0.67578125 0.14453125 0.1421875
0 0.85234375 0.33515625 0.24140625 0.21484375
0 0.43125 0.7828125 0.271875 0.434375
0 0.109375 0.2265625 0.21875 0.1875
0 0.4953125 0.640625 0.16328125 0.278125
0 0.6421875 0.5203125 0.11640625 0.1171875
0 0.253125 0.4125 0.11796875 0.17734375
0 0.1234375 0.75859375 0.246875 0.415625
0 0.5375 0.20703125 0.2859375 0.38515625
0 0.03203125 0.471875 0.0640625 0.065625
0 0.16640625 0.61484375 0.159375 0.28203125
0 0.9078125 0.1609375 0.16875 0.321875
0 0.5734375 0.3 0.08828125 0.20859375