0 0.48828125 0.41953125 0.72734375 0.69296875
0 0.1984375 0.82890625 0.17265625 0.11015625
0 0.75859375 0.1921875 0.33046875 0.221875
0 0.040625 0.86484375 0.08125 0.1265625
0 0.63359375 0.1703125 0.1328125 0.23203125
0 0.18671875 0.48359375 0.37265625 0.2703125
0 0.1859375 0.1796875 0.25625 0.0765625
0 0.18203125 0.9265625 0.209375 0.14609375
0 0.13515625 0.84765625 0.07734375 0.0875
0 0.3 0.35234375 0.16640625 0.08984375
0 0.5921875 0.23046875 0.03046875 0.021875
0 0.54921875 0.30625 0.059375 0.03515625
0 0.034375 0.4546875 0.06875 0.0578125
0 0.4453125 0.86171875 0.01328125 0.01328125
0 0.17421875 0.1390625 0.015625 0.01484375
0 0.11875 0.46796875 0.05 0.040625
0 0.1765625 0.26015625 0.12421875 0.05859375
0 0.13671875 0.759375 0.234375 0.09140625
0 0.58046875 0.19765625 0.040625 0.02890625
0 0.2796875 0.275 0.128125 0.05625
0 0.15078125 0.103125 0.02265625 0.02265625
0 0.0515625 0.6015625 0.103125 0.0671875