0 0.34609375 0.48828125 0.4078125 0.46796875
0 0.7671875 0.35234375 0.40703125 0.60859375
0 0.221875 0.91640625 0.12578125 0.0890625
0 0.80546875 0.23203125 0.18125 0.36484375
0 0.25078125 0.7515625 0.115625 0.1640625
0 0.5984375 0.78828125 0.225 0.3859375
0 0.58515625 0.45390625 0.17578125 0.078125
0 0.334375 0.47421875 0.253125 0.02734375
0 0.5828125 0.47265625 0.26796875 0.3296875
0 0.646875 0.23359375 0.184375 0.3640625
0 0.8640625 0.7640625 0.23828125 0.31484375
0 0.41640625 0.85078125 0.17109375 0.2609375
0 0.84765625 0.26328125 0.1796875 0.025