0 0.1203125 0.6921875 0.2328125 0.575
0 0.34453125 0.39609375 0.24140625 0.31640625
0 0.74140625 0.78515625 0.109375 0.10390625
0 0.70859375 0.4953125 0.11171875 0.17265625
0 0.27421875 0.6375 0.0796875 0.159375
0 0.66171875 0.5828125 0.10703125 0.21171875
0 0.41484375 0.72890625 0.2421875 0.40859375
0 0.58125 0.159375 0.0203125 0.01640625
0 0.596875 0.69375 0.19765625 0.31015625
0 0.1046875 0.2796875 0.20078125 0.31640625
0 0.5546875 0.47578125 0.13984375 0.1875
0 0.48203125 0.0453125 0.065625 0.0828125
0 0.5765625 0.3421875 0.22890625 0.03359375
0 0.9109375 0.74296875 0.0453125 0.0453125
0 0.55546875 0.2765625 0.19453125 0.121875
0 0.32734375 0.11953125 0.0671875 0.1125
0 0.90390625 0.6375 0.05078125 0.053125
0 0.23515625 0.23046875 0.16171875 0.37734375
0 0.77890625 0.62421875 0.0953125 0.06640625
0 0.0890625 0.4796875 0.1703125 0.1515625
0 0.740625 0.71796875 0.11015625 0.05859375
0 0.8515625 0.63828125 0.04296875 0.07734375
0 0.421875 0.66171875 0.11171875 0.24609375
0 0.528125 0.0359375 0.02734375 0.0671875
0 0.6234375 0.39453125 0.23125 0.1375
0 0.546875 0.37890625 0.13671875 0.0828125
0 0.4765625 0.57109375 0.05625 0.35
0 0.71796875 0.234375 0.0109375 0.0140625
0 0.3953125 0.31015625 0.125 0.13125
0 0.05859375 0.75625 0.11328125 0.1046875
0 0.32734375 0.20625 0.034375 0.07421875
0 0.7859375 0.409375 0.09140625 0.04921875
0 0.88984375 0.3953125 0.1015625 0.215625
0 0.490625 0.26875 0.02578125 0.02578125
0 0.390625 0.7640625 0.01640625 0.02734375
0 0.7828125 0.24375 0.06953125 0.13984375
0 0.3453125 0.93359375 0.09296875 0.02734375
0 0.38046875 0.19140625 0.06328125 0.09921875
0 0.55390625 0.0890625 0.009375 0.0109375
0 0.3671875 0.06484375 0.18359375 0.03203125
0 0.28515625 0.596875 0.04921875 0.06171875
0 0.76875 0.1734375 0.059375 0.03828125
0 0.39921875 0.85625 0.05 0.13515625
0 0.8546875 0.53125 0.165625 0.0984375