0 0.6578125 0.3078125 0.27421875 0.359375
0 0.90703125 0.14453125 0.1859375 0.2890625
0 0.90703125 0.69375 0.1859375 0.340625
0 0.73515625 0.14375 0.1796875 0.2875
0 0.278125 0.53984375 0.12265625 0.18359375
0 0.4359375 0.7125 0.203125 0.3734375
0 0.771875 0.54921875 0.10078125 0.1875
0 0.38046875 0.25546875 0.26796875 0.075
0 0.29375 0.87109375 0.12734375 0.08125
0 0.646875 0.6828125 0.25078125 0.4765625
0 0.91875 0.309375 0.1625 0.10703125
0 0.44765625 0.45234375 0.165625 0.23359375
0 0.90859375 0.38828125 0.1828125 0.4109375
0 0.975 0.0109375 0.05 0.021875
0 0.53203125 0.10859375 0.23203125 0.1828125
0 0.09296875 0.765625 0.05546875 0.04921875
0 0.2578125 0.6140625 0.09453125 0.0921875
0 0.85859375 0.6015625 0.0640625 0.13046875
0 0.8234375 0.6078125 0.05625 0.253125
0 0.22578125 0.70859375 0.11328125 0.09921875
0 0.46953125 0.21015625 0.1390625 0.09140625
0 0.10625 0.8828125 0.05625 0.0359375
0 0.34609375 0.6234375 0.0921875 0.25390625
0 0.28203125 0.8078125 0.1109375 0.06640625
0 0.3484375 0.31171875 0.3109375 0.2203125
0 0.603125 0.5046875 0.08828125 0.1515625
0 0.63359375 0.03203125 0.07265625 0.0640625
0 0.45625 0.009375 0.0640625 0.01875
0 0.40546875 0.01015625 0.0234375 0.0203125
0 0.36484375 0.13671875 0.021875 0.01953125
0 0.14765625 0.753125 0.05703125 0.08046875
0 0.41875 0.80078125 0.04296875 0.05078125
0 0.56015625 0.43125 0.078125 0.19609375
0 0.39609375 0.528125 0.0265625 0.06015625
0 0.909375 0.19765625 0.034375 0.04140625