0 0.60625 0.3140625 0.24765625 0.325
0 0.8453125 0.14921875 0.1921875 0.296875
0 0.87265625 0.6640625 0.24765625 0.30703125
0 0.6765625 0.15 0.1625 0.29375
0 0.2640625 0.5234375 0.1109375 0.16640625
0 0.40625 0.67890625 0.18359375 0.33671875
0 0.709375 0.53203125 0.09140625 0.16953125
0 0.35625 0.26640625 0.2421875 0.0671875
0 0.27734375 0.82265625 0.11484375 0.0734375
0 0.596875 0.65234375 0.2265625 0.43046875
0 0.87578125 0.3171875 0.2125 0.096875
0 0.4171875 0.44453125 0.14921875 0.2109375
0 0.87421875 0.3890625 0.24375 0.371875
0 0.92109375 0.0390625 0.10078125 0.03515625
0 0.49296875 0.13359375 0.209375 0.165625
0 0.096875 0.72734375 0.05 0.04375
0 0.2453125 0.590625 0.08515625 0.0828125
0 0.78828125 0.57890625 0.0578125 0.11796875
0 0.75625 0.58515625 0.05078125 0.228125
0 0.21640625 0.67578125 0.10234375 0.08984375
0 0.43671875 0.22578125 0.125 0.08203125
0 0.10859375 0.8328125 0.05078125 0.03203125
0 0.325 0.59921875 0.08359375 0.2296875
0 0.2671875 0.765625 0.1 0.06015625
0 0.32734375 0.31796875 0.28046875 0.19921875
0 0.55703125 0.4921875 0.0796875 0.13671875
0 0.58515625 0.04765625 0.06484375 0.09296875
0 0.42578125 0.02734375 0.0578125 0.05234375
0 0.38125 0.028125 0.02109375 0.0546875
0 0.3421875 0.159375 0.01953125 0.01796875
0 0.14609375 0.71640625 0.0515625 0.07265625
0 0.390625 0.759375 0.03828125 0.04609375
0 0.51875 0.425 0.0703125 0.17734375
0 0.36953125 0.51328125 0.02421875 0.05390625
0 0.834375 0.2140625 0.03046875 0.0375