0 0.353125 0.48671875 0.41953125 0.48203125
0 0.78671875 0.34609375 0.41875 0.62578125
0 0.225 0.9265625 0.12890625 0.09140625
0 0.82578125 0.22265625 0.18671875 0.37578125
0 0.2546875 0.7578125 0.11875 0.16875
0 0.6125 0.7953125 0.23125 0.396875
0 0.59921875 0.45078125 0.18125 0.0796875
0 0.340625 0.471875 0.2609375 0.028125
0 0.596875 0.4703125 0.27578125 0.3390625
0 0.6625 0.22421875 0.18984375 0.37421875
0 0.88046875 0.76953125 0.2390625 0.3234375
0 0.425 0.859375 0.17578125 0.26875
0 0.86875 0.2546875 0.18515625 0.02578125