0 0.89453125 0.703125 0.2109375 0.59375
0 0.671875 0.39921875 0.2609375 0.3421875
0 0.24296875 0.8203125 0.11875 0.1125
0 0.278125 0.50703125 0.1203125 0.18671875
0 0.74765625 0.66015625 0.0859375 0.171875
0 0.32890625 0.6015625 0.115625 0.22890625
0 0.59609375 0.759375 0.2625 0.4421875
0 0.41484375 0.14375 0.021875 0.0171875
0 0.39921875 0.72109375 0.2140625 0.33515625
0 0.9109375 0.27265625 0.17734375 0.34296875
0 0.44453125 0.48515625 0.1515625 0.20234375
0 0.5234375 0.03203125 0.07109375 0.0640625
0 0.42109375 0.340625 0.24765625 0.0359375
0 0.059375 0.77421875 0.04921875 0.0484375
0 0.44375 0.2703125 0.21015625 0.13125
0 0.68984375 0.10078125 0.07265625 0.121875
0 0.0671875 0.6609375 0.0546875 0.05703125
0 0.78984375 0.2203125 0.17421875 0.40859375
0 0.20234375 0.64609375 0.103125 0.071875
0 0.928125 0.4890625 0.14375 0.1640625
0 0.24375 0.74765625 0.11875 0.0640625
0 0.1234375 0.6609375 0.04609375 0.08359375
0 0.58828125 0.68671875 0.1203125 0.265625
0 0.4734375 0.02265625 0.02890625 0.0453125
0 0.3703125 0.39765625 0.25 0.14921875
0 0.45234375 0.38125 0.1484375 0.08984375
0 0.528125 0.58828125 0.0609375 0.378125
0 0.26796875 0.225 0.01171875 0.01484375
0 0.6171875 0.30703125 0.13515625 0.1421875
0 0.96015625 0.78828125 0.0796875 0.11328125
0 0.690625 0.19375 0.0375 0.08046875
0 0.19453125 0.4140625 0.09921875 0.053125
0 0.08125 0.39921875 0.11015625 0.2328125
0 0.5140625 0.2625 0.028125 0.02734375
0 0.62109375 0.79765625 0.01796875 0.0296875
0 0.196875 0.23515625 0.07578125 0.1515625
0 0.6703125 0.98046875 0.10078125 0.0296875
0 0.6328125 0.178125 0.06796875 0.1078125
0 0.44453125 0.06796875 0.01015625 0.01171875
0 0.646875 0.04140625 0.1984375 0.03515625
0 0.7359375 0.61640625 0.053125 0.0671875
0 0.2125 0.15859375 0.0640625 0.04140625
0 0.6125 0.896875 0.05390625 0.146875
0 0.1203125 0.5453125 0.1796875 0.10625