0 0.39140625 0.31640625 0.24921875 0.3265625
0 0.15078125 0.15 0.19375 0.29921875
0 0.12421875 0.6671875 0.2484375 0.309375
0 0.3203125 0.15078125 0.16328125 0.2953125
0 0.7359375 0.5265625 0.11171875 0.1671875
0 0.5921875 0.68359375 0.184375 0.3390625
0 0.2875 0.5359375 0.0921875 0.17109375
0 0.64296875 0.26796875 0.24375 0.06796875
0 0.721875 0.828125 0.115625 0.07421875
0 0.40078125 0.65625 0.228125 0.4328125
0 0.1203125 0.31875 0.2140625 0.09765625
0 0.58203125 0.446875 0.15 0.2125
0 0.12265625 0.38984375 0.2453125 0.37421875
0 0.075 0.03984375 0.1015625 0.03515625
0 0.50546875 0.134375 0.2109375 0.16640625
0 0.90390625 0.73203125 0.05 0.04453125
0 0.7546875 0.59375 0.0859375 0.08359375
0 0.20859375 0.5828125 0.05859375 0.11875
0 0.240625 0.58828125 0.0515625 0.2296875
0 0.78359375 0.6796875 0.103125 0.090625
0 0.56171875 0.22734375 0.12578125 0.0828125
0 0.89296875 0.83828125 0.05078125 0.03203125
0 0.67421875 0.603125 0.08359375 0.23125
0 0.7328125 0.7703125 0.10078125 0.06015625
0 0.671875 0.31953125 0.2828125 0.2
0 0.440625 0.4953125 0.0796875 0.13828125
0 0.4125 0.04765625 0.065625 0.09375
0 0.5734375 0.02734375 0.0578125 0.053125
0 0.61796875 0.028125 0.02109375 0.05546875
0 0.65703125 0.16015625 0.01953125 0.01796875
0 0.8546875 0.72109375 0.0515625 0.0734375
0 0.60859375 0.7640625 0.0390625 0.046875
0 0.4796875 0.428125 0.07109375 0.178125
0 0.6296875 0.51640625 0.02421875 0.0546875
0 0.1625 0.215625 0.03125 0.0375