0 0.4828125 0.409375 0.70703125 0.6734375
0 0.20078125 0.80703125 0.1671875 0.1078125
0 0.7453125 0.1890625 0.32109375 0.215625
0 0.0453125 0.84375 0.08359375 0.12265625
0 0.6234375 0.1671875 0.12890625 0.22578125
0 0.18828125 0.47265625 0.36640625 0.26171875
0 0.18828125 0.1765625 0.24921875 0.07421875
0 0.18515625 0.91484375 0.20390625 0.16484375
0 0.1390625 0.825 0.07578125 0.08515625
0 0.29921875 0.34453125 0.16171875 0.0875
0 0.58359375 0.22578125 0.0296875 0.02109375
0 0.54140625 0.29921875 0.0578125 0.034375
0 0.03828125 0.44375 0.075 0.05546875
0 0.440625 0.8390625 0.0125 0.0125
0 0.17734375 0.13671875 0.01484375 0.01484375
0 0.1234375 0.45625 0.04921875 0.0390625
0 0.17890625 0.2546875 0.1203125 0.05625
0 0.140625 0.7390625 0.228125 0.0890625
0 0.571875 0.19375 0.0390625 0.028125
0 0.2796875 0.26875 0.12421875 0.0546875
0 0.1546875 0.1015625 0.021875 0.02265625
0 0.05625 0.58671875 0.1046875 0.065625