0 0.6671875 0.47578125 0.4375 0.503125
0 0.21640625 0.32890625 0.4328125 0.6546875
0 0.8 0.93515625 0.134375 0.0953125
0 0.1734375 0.20078125 0.19453125 0.3921875
0 0.76875 0.75859375 0.12421875 0.17578125
0 0.39765625 0.7953125 0.24140625 0.409375
0 0.41015625 0.4390625 0.1890625 0.08359375
0 0.6796875 0.46015625 0.271875 0.0296875
0 0.4125 0.459375 0.2875 0.35390625
0 0.34375 0.20234375 0.19765625 0.390625
0 0.1203125 0.77109375 0.23984375 0.3375
0 0.5921875 0.8625 0.184375 0.275
0 0.128125 0.23359375 0.19296875 0.02734375