0 0.1203125 0.68984375 0.23984375 0.6171875
0 0.35625 0.3734375 0.25859375 0.33984375
0 0.7828125 0.79140625 0.11796875 0.11171875
0 0.74765625 0.48046875 0.11953125 0.1859375
0 0.28046875 0.63203125 0.0859375 0.17109375
0 0.696875 0.57421875 0.11484375 0.22734375
0 0.43203125 0.73046875 0.26015625 0.4390625
0 0.6109375 0.11875 0.02109375 0.0171875
0 0.62734375 0.6921875 0.2125 0.3328125
0 0.103125 0.24765625 0.20625 0.340625
0 0.58203125 0.45859375 0.15 0.2015625
0 0.503125 0.0203125 0.0703125 0.040625
0 0.60546875 0.31484375 0.24609375 0.0359375
0 0.9640625 0.7453125 0.0484375 0.0484375
0 0.5828125 0.24453125 0.209375 0.13046875
0 0.33828125 0.0765625 0.07265625 0.12109375
0 0.95703125 0.6328125 0.05390625 0.05703125
0 0.2375 0.1984375 0.175 0.396875
0 0.82265625 0.61875 0.10234375 0.07109375
0 0.08671875 0.4625 0.17265625 0.1625
0 0.78125 0.71953125 0.11796875 0.06328125
0 0.90078125 0.63359375 0.04609375 0.08359375
0 0.4390625 0.65859375 0.11953125 0.2640625
0 0.553125 0.0109375 0.02890625 0.021875
0 0.65546875 0.371875 0.2484375 0.14765625
0 0.5734375 0.35546875 0.146875 0.0890625
0 0.4984375 0.5609375 0.06015625 0.37578125
0 0.75703125 0.2 0.01171875 0.01484375
0 0.4109375 0.28125 0.134375 0.14140625
0 0.0546875 0.759375 0.109375 0.1125
0 0.3375 0.16953125 0.0375 0.0796875
0 0.83046875 0.3875 0.0984375 0.053125
0 0.9421875 0.37265625 0.109375 0.23125
0 0.51328125 0.23671875 0.02734375 0.02734375
0 0.40625 0.76875 0.01796875 0.0296875
0 0.82734375 0.21015625 0.075 0.15078125
0 0.3578125 0.95078125 0.1 0.0296875
0 0.3953125 0.153125 0.06796875 0.10703125
0 0.58203125 0.04375 0.01015625 0.01171875
0 0.37890625 0.01640625 0.1953125 0.0328125
0 0.29296875 0.5890625 0.053125 0.06640625
0 0.8125 0.134375 0.06328125 0.04140625
0 0.41484375 0.86796875 0.053125 0.1453125
0 0.90390625 0.51875 0.178125 0.10546875