0 0.51328125 0.409375 0.71796875 0.684375
0 0.79921875 0.81328125 0.1703125 0.109375
0 0.24609375 0.18515625 0.32578125 0.21875
0 0.95703125 0.85078125 0.08515625 0.12421875
0 0.36953125 0.16328125 0.13125 0.22890625
0 0.81171875 0.47421875 0.37265625 0.265625
0 0.81171875 0.17265625 0.253125 0.07578125
0 0.815625 0.91875 0.20625 0.16171875
0 0.86171875 0.83203125 0.0765625 0.08671875
0 0.69921875 0.34296875 0.1640625 0.08828125
0 0.41015625 0.22265625 0.0296875 0.021875
0 0.453125 0.29765625 0.05859375 0.03515625
0 0.96328125 0.44453125 0.07265625 0.05703125
0 0.55546875 0.84609375 0.0125 0.01328125
0 0.82265625 0.13203125 0.01484375 0.01484375
0 0.878125 0.45703125 0.05 0.03984375
0 0.82109375 0.25234375 0.12265625 0.0578125
0 0.86015625 0.74453125 0.23125 0.090625
0 0.42265625 0.190625 0.03984375 0.02890625
0 0.71953125 0.26640625 0.1265625 0.05546875
0 0.84609375 0.096875 0.021875 0.02265625
0 0.94609375 0.58984375 0.10625 0.06640625