0 0.353125 0.46875 0.56640625 0.8671875
0 0.575 0.3328125 0.140625 0.09140625
0 0.509375 0.27578125 0.0875 0.12421875
0 0.34375 0.3890625 0.034375 0.0625
0 0.10625 0.81171875 0.20390625 0.2671875
0 0.775 0.13515625 0.19375 0.17734375
0 0.5515625 0.134375 0.103125 0.025
0 0.25 0.63125 0.10625 0.0984375
0 0.22734375 0.05546875 0.15 0.10625
0 0.16328125 0.17109375 0.01328125 0.01171875
0 0.74453125 0.45625 0.00859375 0.00859375
0 0.61953125 0.0265625 0.1171875 0.03671875
0 0.3890625 0.19921875 0.03203125 0.02265625
0 0.5015625 0.18203125 0.11875 0.07109375
0 0.04453125 0.3140625 0.0765625 0.15234375
0 0.01875 0.4234375 0.034375 0.090625
0 0.03046875 0.6453125 0.04921875 0.09921875
0 0.57578125 0.0265625 0.040625 0.0375
0 0.3765625 0.21171875 0.0140625 0.01796875
0 0.06875 0.62421875 0.1140625 0.140625
0 0.0640625 0.109375 0.0609375 0.1859375
0 0.19765625 0.5140625 0.0578125 0.06015625
0 0.0953125 0.60703125 0.01796875 0.02109375
0 0.4390625 0.10234375 0.02734375 0.07734375
0 0.1703125 0.51953125 0.0296875 0.0203125
0 0.725 0.04765625 0.05703125 0.0296875
0 0.359375 0.12109375 0.08125 0.03125
0 0.39765625 0.4421875 0.01171875 0.01328125
0 0.03984375 0.23203125 0.021875 0.02890625
0 0.4078125 0.44375 0.028125 0.02734375
0 0.91484375 0.29453125 0.10703125 0.03671875