0 0.64609375 0.4578125 0.6015625 0.915625
0 0.4109375 0.31015625 0.14921875 0.096875
0 0.48046875 0.25 0.09296875 0.13203125
0 0.65625 0.37109375 0.03671875 0.06640625
0 0.9 0.81953125 0.19921875 0.284375
0 0.196875 0.1 0.20546875 0.18828125
0 0.43515625 0.09921875 0.109375 0.0265625
0 0.75625 0.62734375 0.1125 0.10390625
0 0.78046875 0.0359375 0.159375 0.07109375
0 0.84765625 0.13828125 0.0140625 0.0125
0 0.2296875 0.44140625 0.009375 0.00859375
0 0.60859375 0.16796875 0.034375 0.02421875
0 0.48828125 0.15 0.1265625 0.07578125
0 0.96640625 0.2890625 0.06640625 0.1625
0 0.9921875 0.40703125 0.01484375 0.09609375
0 0.98203125 0.640625 0.0359375 0.10625
0 0.62109375 0.18203125 0.01484375 0.01875
0 0.94453125 0.61953125 0.1109375 0.14921875
0 0.9546875 0.0859375 0.06484375 0.17109375
0 0.81171875 0.503125 0.06171875 0.0640625
0 0.9203125 0.60234375 0.01953125 0.02265625
0 0.55546875 0.065625 0.02890625 0.08203125
0 0.83984375 0.509375 0.03125 0.02109375
0 0.2515625 0.01171875 0.06171875 0.0234375
0 0.63984375 0.08515625 0.08671875 0.0328125
0 0.59921875 0.4265625 0.0125 0.0140625
0 0.9796875 0.20390625 0.0234375 0.03125
0 0.5875 0.42890625 0.03046875 0.0296875
0 0.053125 0.26796875 0.10625 0.03828125