0 0.51796875 0.53046875 0.3296875 0.23359375
0 0.3796875 0.7546875 0.39375 0.27109375
0 0.38515625 0.73125 0.2203125 0.0546875
0 0.83125 0.396875 0.3375 0.384375
0 0.5921875 0.865625 0.3859375 0.26875
0 0.77109375 0.1609375 0.2359375 0.171875
0 0.6296875 0.246875 0.19765625 0.1
0 0.9484375 0.14140625 0.10234375 0.15234375
0 0.4109375 0.17109375 0.1875 0.196875
0 0.80078125 0.4953125 0.05546875 0.078125
0 0.9203125 0.91953125 0.159375 0.1609375
0 0.62890625 0.20078125 0.13515625 0.03125
0 0.9359375 0.7484375 0.12734375 0.2453125
0 0.565625 0.41015625 0.15859375 0.10234375
0 0.3703125 0.10234375 0.16796875 0.0875
0 0.65546875 0.35859375 0.12421875 0.13359375
0 0.77578125 0.0640625 0.209375 0.0578125
0 0.48828125 0.678125 0.10703125 0.07734375
0 0.8484375 0.7734375 0.1125 0.09765625
0 0.77890625 0.64921875 0.1296875 0.034375
0 0.7125 0.72734375 0.04765625 0.0546875
0 0.978125 0.07734375 0.04375 0.0640625
0 0.50390625 0.66015625 0.02578125 0.0375
0 0.31875 0.109375 0.0671875 0.0625
0 0.684375 0.05703125 0.05 0.04609375