0 0.53828125 0.4953125 0.3359375 0.2375
0 0.3984375 0.72265625 0.40078125 0.27578125
0 0.403125 0.69921875 0.22421875 0.05546875
0 0.84296875 0.359375 0.3140625 0.390625
0 0.6140625 0.85 0.3921875 0.3
0 0.79609375 0.11953125 0.23984375 0.175
0 0.65234375 0.20703125 0.2015625 0.1015625
0 0.9625 0.1 0.075 0.15546875
0 0.43046875 0.1296875 0.190625 0.2
0 0.8265625 0.459375 0.05625 0.0796875
0 0.93359375 0.90390625 0.1328125 0.1921875
0 0.6515625 0.16015625 0.1375 0.03203125
0 0.94921875 0.715625 0.1015625 0.25
0 0.5875 0.37265625 0.1609375 0.10390625
0 0.38828125 0.059375 0.1703125 0.0890625
0 0.678125 0.32109375 0.1265625 0.1359375
0 0.8 0.025 0.21171875 0.04921875
0 0.50859375 0.6453125 0.10859375 0.07890625
0 0.87421875 0.7421875 0.11484375 0.09921875
0 0.80390625 0.61640625 0.13203125 0.034375
0 0.73671875 0.6953125 0.0484375 0.05546875
0 0.9921875 0.034375 0.015625 0.06484375
0 0.525 0.62734375 0.0265625 0.03828125
0 0.33671875 0.06640625 0.06875 0.0640625
0 0.70703125 0.01796875 0.04921875 0.0359375