0 0.3390625 0.50390625 0.671875 0.9921875
0 0.68828125 0.2859375 0.39765625 0.4421875
0 0.40390625 0.45703125 0.0671875 0.0578125
0 0.1046875 0.27734375 0.015625 0.02109375
0 0.41328125 0.32734375 0.07578125 0.08125
0 0.12109375 0.2875 0.2421875 0.23359375
0 0.5796875 0.4328125 0.10625 0.0734375
0 0.0546875 0.21171875 0.01640625 0.103125
0 0.2125 0.73984375 0.0203125 0.021875
0 0.06640625 0.8875 0.11015625 0.13203125
0 0.3 0.19296875 0.140625 0.1578125
0 0.2296875 0.8078125 0.053125 0.02890625
0 0.10859375 0.55859375 0.209375 0.09140625
0 0.078125 0.05078125 0.153125 0.0875
0 0.3828125 0.14609375 0.065625 0.0484375
0 0.7453125 0.08203125 0.18984375 0.06171875
0 0.509375 0.38359375 0.228125 0.03828125
0 0.5328125 0.2984375 0.15390625 0.084375
0 0.0296875 0.8109375 0.059375 0.078125
0 0.34140625 0.04140625 0.04453125 0.03515625
0 0.028125 0.06796875 0.0453125 0.03828125
0 0.5859375 0.128125 0.13828125 0.13515625
0 0.00625 0.4671875 0.0125 0.04375
0 0.47421875 0.053125 0.1125 0.053125
0 0.228125 0.83125 0.0171875 0.03828125
0 0.64453125 0.05390625 0.04609375 0.025
0 0.8140625 0.14765625 0.05625 0.02578125
0 0.14921875 0.82109375 0.08671875 0.02265625
0 0.01953125 0.91015625 0.0390625 0.09921875
0 0.446875 0.42265625 0.0125 0.0125
0 0.33828125 0.08515625 0.021875 0.0171875
0 0.8484375 0.20234375 0.10859375 0.05859375
0 0.32109375 0.0828125 0.01953125 0.02890625
0 0.36328125 0.06328125 0.1125 0.07421875
0 0.7609375 0.1890625 0.075 0.07421875