0 0.33828125 0.46875 0.5921875 0.90703125
0 0.5703125 0.3265625 0.146875 0.0953125
0 0.5015625 0.2671875 0.09140625 0.1296875
0 0.328125 0.3859375 0.0359375 0.065625
0 0.09296875 0.82734375 0.1859375 0.2796875
0 0.7796875 0.1203125 0.20234375 0.18515625
0 0.54609375 0.11875 0.1078125 0.02578125
0 0.2296875 0.63828125 0.1109375 0.10234375
0 0.20625 0.04609375 0.15703125 0.09140625
0 0.13984375 0.1578125 0.01328125 0.0125
0 0.74765625 0.45546875 0.009375 0.00859375
0 0.615625 0.0125 0.12109375 0.02421875
0 0.37578125 0.18671875 0.03359375 0.0234375
0 0.49375 0.16875 0.12421875 0.07421875
0 0.028125 0.30546875 0.05546875 0.16015625
0 0.01328125 0.65234375 0.02578125 0.1046875
0 0.5703125 0.01328125 0.0421875 0.02578125
0 0.36328125 0.2 0.01484375 0.01875
0 0.05 0.63046875 0.1 0.146875
0 0.03515625 0.09453125 0.0640625 0.1890625
0 0.175 0.51640625 0.06015625 0.0625
0 0.06875 0.61328125 0.01875 0.021875
0 0.428125 0.0859375 0.02890625 0.08046875
0 0.14765625 0.521875 0.03046875 0.02109375
0 0.72734375 0.02890625 0.059375 0.03125
0 0.34453125 0.10546875 0.08515625 0.0328125
0 0.384375 0.440625 0.0125 0.01328125
0 0.0109375 0.2203125 0.02109375 0.0296875
0 0.39609375 0.44296875 0.0296875 0.02890625
0 0.925 0.28671875 0.11171875 0.03828125