0 0.33515625 0.5125 0.646875 0.95859375
0 0.6703125 0.2984375 0.3828125 0.42578125
0 0.39609375 0.46328125 0.06484375 0.05546875
0 0.10859375 0.28984375 0.015625 0.0203125
0 0.40546875 0.33828125 0.07265625 0.078125
0 0.12265625 0.3015625 0.2375 0.225
0 0.565625 0.43984375 0.1015625 0.07109375
0 0.0609375 0.22734375 0.01640625 0.09921875
0 0.2125 0.7359375 0.01953125 0.02109375
0 0.07109375 0.87734375 0.10625 0.12734375
0 0.296875 0.209375 0.13515625 0.1515625
0 0.22890625 0.8015625 0.05078125 0.02734375
0 0.1125 0.5609375 0.2015625 0.0875
0 0.0828125 0.07265625 0.14765625 0.084375
0 0.3765625 0.1640625 0.06328125 0.046875
0 0.725 0.10234375 0.1828125 0.059375
0 0.4984375 0.39296875 0.21953125 0.03671875
0 0.52109375 0.3109375 0.1484375 0.08125
0 0.03359375 0.80546875 0.065625 0.075
0 0.33671875 0.06328125 0.04296875 0.034375
0 0.03515625 0.0890625 0.04296875 0.03671875
0 0.571875 0.146875 0.1328125 0.1296875
0 0.0109375 0.475 0.02109375 0.04296875
0 0.4640625 0.075 0.1078125 0.05078125
0 0.22734375 0.8234375 0.01640625 0.03671875
0 0.628125 0.07578125 0.04453125 0.02421875
0 0.79140625 0.165625 0.05390625 0.025
0 0.1515625 0.8140625 0.08359375 0.021875
0 0.0234375 0.9 0.04609375 0.09375
0 0.43828125 0.4296875 0.01171875 0.0125
0 0.33359375 0.10546875 0.02109375 0.01640625
0 0.825 0.21796875 0.1046875 0.05625
0 0.3171875 0.103125 0.01875 0.02734375
0 0.35703125 0.084375 0.10859375 0.071875
0 0.740625 0.20546875 0.071875 0.071875