0 0.684375 0.8625 0.221875 0.275
0 0.31171875 0.40546875 0.08203125 0.15390625
0 0.58671875 0.340625 0.015625 0.01796875
0 0.56328125 0.6421875 0.14765625 0.065625
0 0.31328125 0.64609375 0.296875 0.09296875
0 0.925 0.371875 0.0109375 0.0140625
0 0.18828125 0.38203125 0.29921875 0.23203125
0 0.70703125 0.33515625 0.0171875 0.0171875
0 0.15546875 0.33125 0.01171875 0.01328125
0 0.8125 0.4578125 0.06015625 0.2640625
0 0.76953125 0.7203125 0.0875 0.11328125
0 0.13046875 0.7984375 0.2609375 0.325
0 0.91171875 0.2015625 0.01796875 0.01640625
0 0.65546875 0.140625 0.15703125 0.146875
0 0.2078125 0.7265625 0.25234375 0.11484375
0 0.6578125 0.44609375 0.07421875 0.13046875
0 0.79609375 0.85546875 0.1078125 0.2890625
0 0.403125 0.3234375 0.0234375 0.02421875
0 0.06953125 0.071875 0.07890625 0.05546875
0 0.24296875 0.0640625 0.05625 0.0390625
0 0.84140625 0.2078125 0.1078125 0.22578125
0 0.4640625 0.87265625 0.22109375 0.2421875
0 0.759375 0.52109375 0.1109375 0.10078125
0 0.675 0.7390625 0.16015625 0.1265625
0 0.5515625 0.31640625 0.053125 0.196875
0 0.45234375 0.446875 0.0109375 0.0140625
0 0.471875 0.51171875 0.06640625 0.09609375
0 0.22109375 0.22109375 0.053125 0.07734375
0 0.91796875 0.50703125 0.08203125 0.09609375
0 0.4140625 0.178125 0.07421875 0.05859375
0 0.97578125 0.16484375 0.0484375 0.1046875
0 0.50703125 0.72578125 0.14375 0.13203125
0 0.48515625 0.1171875 0.0796875 0.11875
0 0.8609375 0.26328125 0.0171875 0.01953125
0 0.1546875 0.25859375 0.028125 0.06015625
0 0.37109375 0.28828125 0.1328125 0.15
0 0.07109375 0.24375 0.075 0.125
0 0.89609375 0.13359375 0.06328125 0.05546875
0 0.53046875 0.065625 0.11015625 0.03359375
0 0.77109375 0.1375 0.02578125 0.0328125
0 0.2375 0.13828125 0.015625 0.04609375
0 0.68828125 0.096875 0.06640625 0.05
0 0.1734375 0.171875 0.01796875 0.03515625
0 0.8953125 0.6140625 0.05703125 0.06171875
0 0.11328125 0.22265625 0.0328125 0.1015625
0 0.86484375 0.30703125 0.0296875 0.0578125
0 0.29296875 0.790625 0.03203125 0.04453125
0 0.0140625 0.3453125 0.028125 0.04375
0 0.7921875 0.75625 0.0140625 0.0203125
0 0.2 0.05234375 0.02421875 0.0125
0 0.14609375 0.17890625 0.0671875 0.04140625