0 0.6890625 0.86796875 0.22265625 0.2640625
0 0.31171875 0.41484375 0.0828125 0.15546875
0 0.5890625 0.3484375 0.015625 0.01796875
0 0.56484375 0.653125 0.14921875 0.06640625
0 0.31328125 0.6578125 0.3 0.09375
0 0.93125 0.38046875 0.0109375 0.0140625
0 0.1875 0.390625 0.30234375 0.234375
0 0.7109375 0.34375 0.0171875 0.0171875
0 0.15390625 0.3390625 0.01171875 0.01328125
0 0.8171875 0.4671875 0.06015625 0.26640625
0 0.77421875 0.73203125 0.08828125 0.1140625
0 0.1296875 0.8109375 0.259375 0.328125
0 0.91796875 0.2078125 0.01796875 0.01640625
0 0.659375 0.146875 0.15859375 0.14765625
0 0.20703125 0.7390625 0.2546875 0.115625
0 0.6609375 0.45546875 0.075 0.13125
0 0.80078125 0.8609375 0.1078125 0.278125
0 0.40390625 0.33125 0.0234375 0.02421875
0 0.0671875 0.078125 0.0796875 0.05546875
0 0.2421875 0.0703125 0.05703125 0.0390625
0 0.84609375 0.21484375 0.109375 0.228125
0 0.46640625 0.88125 0.22265625 0.2375
0 0.7640625 0.53125 0.1125 0.10234375
0 0.678125 0.7515625 0.16171875 0.128125
0 0.55390625 0.32421875 0.053125 0.19921875
0 0.453125 0.45625 0.0109375 0.0140625
0 0.47265625 0.52109375 0.0671875 0.096875
0 0.21953125 0.228125 0.05390625 0.078125
0 0.9234375 0.5171875 0.0828125 0.096875
0 0.41484375 0.184375 0.075 0.059375
0 0.97890625 0.17109375 0.0421875 0.1046875
0 0.50859375 0.73828125 0.1453125 0.1328125
0 0.48671875 0.1234375 0.08046875 0.11953125
0 0.865625 0.2703125 0.0171875 0.01953125
0 0.153125 0.265625 0.028125 0.0609375
0 0.371875 0.29609375 0.13359375 0.1515625
0 0.06875 0.25078125 0.07578125 0.1265625
0 0.90234375 0.13984375 0.0640625 0.05625
0 0.53203125 0.071875 0.1109375 0.03359375
0 0.775 0.14375 0.0265625 0.0328125
0 0.2359375 0.14453125 0.015625 0.04609375
0 0.69140625 0.103125 0.06640625 0.05
0 0.171875 0.178125 0.01796875 0.0359375
0 0.9015625 0.625 0.0578125 0.0625
0 0.11171875 0.2296875 0.0328125 0.10234375
0 0.8703125 0.31484375 0.0296875 0.05859375
0 0.29296875 0.803125 0.03203125 0.04453125
0 0.0125 0.35390625 0.025 0.04453125
0 0.796875 0.76875 0.0140625 0.02109375
0 0.1984375 0.0578125 0.02421875 0.0125
0 0.14453125 0.1859375 0.06796875 0.0421875