0 0.325 0.85859375 0.2125 0.26328125
0 0.68125 0.42265625 0.07890625 0.146875
0 0.41875 0.36015625 0.01484375 0.0171875
0 0.44140625 0.6484375 0.14140625 0.06328125
0 0.68046875 0.65234375 0.28359375 0.0890625
0 0.09453125 0.38984375 0.01015625 0.01328125
0 0.79921875 0.4 0.28671875 0.221875
0 0.30390625 0.3546875 0.01640625 0.01640625
0 0.83125 0.35078125 0.0109375 0.0125
0 0.20234375 0.471875 0.05703125 0.25234375
0 0.24375 0.7234375 0.08359375 0.1078125
0 0.86640625 0.7984375 0.2671875 0.3109375
0 0.1078125 0.2265625 0.0171875 0.015625
0 0.35234375 0.16875 0.15 0.13984375
0 0.78046875 0.7296875 0.24140625 0.109375
0 0.35078125 0.4609375 0.07109375 0.125
0 0.21953125 0.853125 0.103125 0.27578125
0 0.59453125 0.34375 0.02265625 0.0234375
0 0.91328125 0.103125 0.07578125 0.05234375
0 0.746875 0.09609375 0.05390625 0.0375
0 0.17578125 0.2328125 0.103125 0.215625
0 0.5359375 0.86875 0.2109375 0.23203125
0 0.253125 0.5328125 0.10625 0.096875
0 0.334375 0.74140625 0.153125 0.12109375
0 0.45234375 0.33671875 0.05078125 0.18828125
0 0.54765625 0.46171875 0.01015625 0.01328125
0 0.52890625 0.5234375 0.0640625 0.0921875
0 0.76875 0.24609375 0.05078125 0.07421875
0 0.10234375 0.51875 0.078125 0.09140625
0 0.584375 0.2046875 0.0703125 0.05625
0 0.04140625 0.19296875 0.06015625 0.1015625
0 0.4953125 0.728125 0.1375 0.12578125
0 0.515625 0.146875 0.07578125 0.11328125
0 0.15625 0.2859375 0.01640625 0.01875
0 0.83125 0.28125 0.0265625 0.0578125
0 0.62421875 0.31015625 0.1265625 0.14375
0 0.91171875 0.2671875 0.071875 0.11953125
0 0.12265625 0.16171875 0.0609375 0.053125
0 0.47265625 0.09765625 0.1046875 0.03203125
0 0.2421875 0.16640625 0.025 0.03125
0 0.753125 0.16640625 0.01484375 0.04375
0 0.321875 0.12734375 0.06328125 0.04765625
0 0.81328125 0.1984375 0.0171875 0.03359375
0 0.1234375 0.621875 0.0546875 0.059375
0 0.87109375 0.246875 0.03125 0.096875
0 0.15234375 0.328125 0.028125 0.05546875
0 0.69921875 0.78984375 0.03046875 0.0421875
0 0.97421875 0.365625 0.04140625 0.0421875
0 0.221875 0.7578125 0.01328125 0.01953125
0 0.78828125 0.08515625 0.02265625 0.01171875
0 0.83984375 0.20546875 0.0640625 0.03984375