0 0.39375 0.84453125 0.35625 0.290625
0 0.57890625 0.3875 0.05390625 0.071875
0 0.82421875 0.3265625 0.33515625 0.42109375
0 0.490625 0.51484375 0.10703125 0.0921875
0 0.4328125 0.48828125 0.1953125 0.05234375
0 0.58671875 0.5328125 0.05 0.11171875
0 0.6390625 0.5953125 0.26640625 0.1875
0 0.35234375 0.446875 0.340625 0.06640625
0 0.2234375 0.171875 0.3859375 0.2625
0 0.30859375 0.49921875 0.37890625 0.07265625
0 0.2125 0.43671875 0.23515625 0.0421875
0 0.86953125 0.753125 0.2453125 0.4390625
0 0.7734375 0.296875 0.05 0.2375
0 0.4265625 0.58828125 0.25078125 0.171875
0 0.62421875 0.115625 0.29140625 0.14453125
0 0.27734375 0.3734375 0.20234375 0.09765625
0 0.7140625 0.79765625 0.3484375 0.365625
0 0.11640625 0.23671875 0.13671875 0.096875
0 0.75859375 0.425 0.040625 0.03515625
0 0.77421875 0.73046875 0.08203125 0.2078125
0 0.8828125 0.09140625 0.16484375 0.06484375
0 0.6296875 0.3359375 0.1203125 0.15
0 0.3265625 0.7609375 0.2390625 0.14296875
0 0.20390625 0.79296875 0.06796875 0.1984375
0 0.34453125 0.10234375 0.13125 0.04609375
0 0.16875 0.378125 0.18125 0.128125
0 0.1890625 0.72265625 0.05 0.071875
0 0.2421875 0.95 0.0375 0.090625
0 0.22265625 0.5453125 0.21796875 0.1421875
0 0.1234375 0.28203125 0.11875 0.0828125