0 0.496875 0.60703125 0.07734375 0.1734375
0 0.28125 0.48984375 0.2 0.07109375
0 0.36171875 0.47734375 0.071875 0.05703125
0 0.76484375 0.3359375 0.32265625 0.3671875
0 0.684375 0.12578125 0.38203125 0.21796875
0 0.58515625 0.409375 0.21796875 0.25703125
0 0.84921875 0.66796875 0.28515625 0.415625
0 0.4578125 0.6375 0.04140625 0.225
0 0.32109375 0.23515625 0.13125 0.13515625
0 0.54375 0.48671875 0.16015625 0.0671875
0 0.178125 0.14140625 0.21640625 0.115625
0 0.2359375 0.81015625 0.275 0.3796875
0 0.65546875 0.29453125 0.13046875 0.0703125
0 0.59921875 0.2640625 0.11640625 0.10390625
0 0.08125 0.42109375 0.15234375 0.28671875
0 0.2296875 0.28515625 0.2296875 0.0703125
0 0.28359375 0.078125 0.1078125 0.090625
0 0.54453125 0.07421875 0.075 0.12109375
0 0.5453125 0.746875 0.1515625 0.42734375
0 0.7921875 0.8890625 0.0703125 0.04765625
0 0.59921875 0.62890625 0.19375 0.1796875
0 0.7609375 0.30078125 0.2546875 0.075
0 0.4453125 0.1109375 0.15078125 0.1984375
0 0.13359375 0.28515625 0.1171875 0.14609375
0 0.83515625 0.228125 0.2078125 0.17578125
0 0.67109375 0.07109375 0.14375 0.109375
0 0.21171875 0.80078125 0.16015625 0.140625
0 0.5328125 0.225 0.0921875 0.1296875
0 0.46953125 0.540625 0.0609375 0.07890625
0 0.23984375 0.60546875 0.0890625 0.10703125
0 0.7296875 0.42421875 0.153125 0.15
0 0.59453125 0.16875 0.190625 0.10703125
0 0.078125 0.3890625 0.11484375 0.03046875
0 0.809375 0.08984375 0.1421875 0.12890625
0 0.0484375 0.24140625 0.096875 0.1171875
0 0.44140625 0.2578125 0.08671875 0.171875
0 0.1953125 0.60546875 0.07734375 0.07421875
0 0.68359375 0.865625 0.040625 0.0359375