0 0.5046875 0.596875 0.07578125 0.1703125
0 0.29375 0.48203125 0.19609375 0.06953125
0 0.37265625 0.4703125 0.0703125 0.05546875
0 0.7671875 0.33125 0.315625 0.359375
0 0.68828125 0.1265625 0.3734375 0.21328125
0 0.590625 0.40390625 0.21328125 0.2515625
0 0.84921875 0.65625 0.27890625 0.40625
0 0.4671875 0.6265625 0.040625 0.21953125
0 0.3328125 0.23359375 0.128125 0.1328125
0 0.55078125 0.47890625 0.15703125 0.065625
0 0.19296875 0.14140625 0.21171875 0.11328125
0 0.2515625 0.8 0.26875 0.37734375
0 0.659375 0.29140625 0.12734375 0.06953125
0 0.6046875 0.2609375 0.1140625 0.1015625
0 0.0984375 0.41484375 0.1484375 0.28046875
0 0.24375 0.28203125 0.225 0.06875
0 0.29609375 0.0796875 0.10546875 0.0890625
0 0.5515625 0.07578125 0.0734375 0.11875
0 0.5515625 0.73359375 0.1484375 0.41796875
0 0.79375 0.8734375 0.06875 0.04609375
0 0.6046875 0.61796875 0.18984375 0.17578125
0 0.7625 0.296875 0.24921875 0.0734375
0 0.4546875 0.11171875 0.14765625 0.19453125
0 0.15 0.28203125 0.1140625 0.14296875
0 0.8359375 0.2265625 0.203125 0.171875
0 0.675 0.07265625 0.140625 0.10703125
0 0.22578125 0.7859375 0.15625 0.1375
0 0.53984375 0.2234375 0.08984375 0.1265625
0 0.478125 0.53203125 0.059375 0.07734375
0 0.253125 0.5953125 0.08671875 0.1046875
0 0.7328125 0.41796875 0.15 0.146875
0 0.60078125 0.16796875 0.18671875 0.1046875
0 0.0953125 0.38359375 0.1125 0.03046875
0 0.8109375 0.09140625 0.1390625 0.12578125
0 0.065625 0.240625 0.09921875 0.115625
0 0.45078125 0.25546875 0.08515625 0.16796875
0 0.21015625 0.5953125 0.07578125 0.07265625
0 0.6875 0.85 0.03984375 0.03515625