0 0.48515625 0.59609375 0.07890625 0.17734375
0 0.70546875 0.4765625 0.2046875 0.07265625
0 0.6234375 0.4640625 0.0734375 0.05859375
0 0.2109375 0.31875 0.3296875 0.37578125
0 0.29296875 0.1078125 0.390625 0.215625
0 0.3953125 0.39453125 0.2234375 0.26328125
0 0.1359375 0.6578125 0.27109375 0.4265625
0 0.525 0.62734375 0.04296875 0.2296875
0 0.665625 0.21640625 0.13359375 0.13828125
0 0.43671875 0.4734375 0.1640625 0.06875
0 0.81171875 0.1203125 0.22109375 0.11875
0 0.7515625 0.80546875 0.28125 0.3890625
0 0.3234375 0.2765625 0.13359375 0.07265625
0 0.38046875 0.2453125 0.11953125 0.10625
0 0.91015625 0.40625 0.15546875 0.29296875
0 0.7578125 0.2671875 0.23515625 0.071875
0 0.703125 0.05546875 0.1109375 0.09296875
0 0.43671875 0.05625 0.0765625 0.1125
0 0.4359375 0.7390625 0.15546875 0.4375
0 0.18359375 0.88515625 0.071875 0.0484375
0 0.38046875 0.61875 0.1984375 0.18359375
0 0.215625 0.2828125 0.26015625 0.0765625
0 0.5390625 0.09453125 0.15625 0.1890625
0 0.85625 0.2671875 0.11953125 0.15
0 0.1390625 0.209375 0.2125 0.1796875
0 0.30703125 0.0515625 0.146875 0.103125
0 0.77734375 0.79453125 0.16328125 0.14375
0 0.44921875 0.20625 0.09375 0.13203125
0 0.51328125 0.528125 0.0625 0.08046875
0 0.7484375 0.5953125 0.090625 0.109375
0 0.246875 0.409375 0.15703125 0.153125
0 0.38515625 0.1484375 0.1953125 0.109375
0 0.9140625 0.3734375 0.11796875 0.03125
0 0.165625 0.06796875 0.14609375 0.13203125
0 0.94375 0.22421875 0.103125 0.1203125
0 0.5421875 0.23984375 0.08828125 0.17578125
0 0.79375 0.59453125 0.07890625 0.0765625
0 0.29375 0.8609375 0.04140625 0.03671875