0 0.63671875 0.8671875 0.3765625 0.265625
0 0.43984375 0.40625 0.05625 0.07578125
0 0.18046875 0.34140625 0.35390625 0.44453125
0 0.53359375 0.540625 0.1125 0.09765625
0 0.59375 0.5125 0.20625 0.05546875
0 0.43203125 0.56015625 0.05234375 0.11796875
0 0.37578125 0.62578125 0.28125 0.1984375
0 0.6796875 0.46875 0.359375 0.06953125
0 0.80625 0.1765625 0.3875 0.27734375
0 0.725 0.52421875 0.4 0.0765625
0 0.8265625 0.4578125 0.2484375 0.04453125
0 0.1328125 0.7796875 0.259375 0.440625
0 0.234375 0.31015625 0.053125 0.25078125
0 0.60078125 0.61796875 0.26484375 0.18125
0 0.3921875 0.11953125 0.3078125 0.153125
0 0.75859375 0.39140625 0.2140625 0.103125
0 0.29765625 0.82265625 0.36796875 0.3546875
0 0.928125 0.24609375 0.14375 0.10234375
0 0.25 0.44609375 0.04296875 0.03671875
0 0.23359375 0.76796875 0.08671875 0.21953125
0 0.11875 0.09296875 0.1734375 0.06875
0 0.3859375 0.3515625 0.12734375 0.15859375
0 0.70703125 0.80078125 0.253125 0.1515625
0 0.83515625 0.834375 0.071875 0.209375
0 0.6875 0.10546875 0.13828125 0.04921875
0 0.8734375 0.39609375 0.19140625 0.13515625
0 0.8515625 0.76015625 0.05234375 0.07578125
0 0.796875 0.975 0.03984375 0.04921875
0 0.815625 0.57265625 0.2296875 0.15
0 0.92109375 0.29453125 0.12578125 0.0875