0 0.51640625 0.50703125 0.93515625 0.93671875
0 0.6109375 0.12109375 0.08515625 0.23125
0 0.178125 0.125 0.29453125 0.05
0 0.31015625 0.3328125 0.36015625 0.2515625
0 0.73359375 0.13671875 0.21875 0.20234375
0 0.08046875 0.29921875 0.01796875 0.01640625
0 0.08203125 0.20546875 0.01015625 0.009375
0 0.2390625 0.87578125 0.2078125 0.19609375
0 0.159375 0.41796875 0.01171875 0.0125
0 0.42109375 0.23359375 0.0125 0.01484375
0 0.49609375 0.259375 0.0125 0.01171875
0 0.48515625 0.24296875 0.01171875 0.01328125
0 0.5171875 0.265625 0.01484375 0.01171875
0 0.89609375 0.08125 0.01640625 0.01796875
0 0.8265625 0.38515625 0.01328125 0.01015625
0 0.0390625 0.33046875 0.01171875 0.01484375
0 0.31328125 0.63515625 0.05625 0.08984375
0 0.9234375 0.44609375 0.140625 0.06328125
0 0.19453125 0.73125 0.19921875 0.1359375
0 0.1171875 0.2859375 0.0328125 0.0234375
0 0.88203125 0.03671875 0.01640625 0.01796875
0 0.7484375 0.4296875 0.159375 0.08203125
0 0.1046875 0.5109375 0.1390625 0.1625
0 0.11640625 0.2390625 0.078125 0.02890625
0 0.06484375 0.22734375 0.065625 0.03125
0 0.8484375 0.3328125 0.05390625 0.0421875
0 0.15859375 0.8359375 0.0484375 0.10390625
0 0.346875 0.57734375 0.0703125 0.06484375
0 0.40390625 0.84453125 0.06953125 0.0296875
0 0.5046875 0.28359375 0.04296875 0.03515625
0 0.03828125 0.2203125 0.02109375 0.021875
0 0.27265625 0.48125 0.034375 0.01640625
0 0.48671875 0.909375 0.0375 0.0578125
0 0.1078125 0.478125 0.03828125 0.028125
0 0.8140625 0.39765625 0.04609375 0.025