0 0.4875 0.5046875 0.975 0.95
0 0.5578125 0.3046875 0.01484375 0.0125
0 0.725 0.58671875 0.0328125 0.01640625
0 0.196875 0.36015625 0.015625 0.01171875
0 0.6421875 0.740625 0.05 0.1296875
0 0.57265625 0.2890625 0.0125 0.0125
0 0.2015625 0.0296875 0.015625 0.0171875
0 0.96640625 0.4421875 0.0171875 0.015625
0 0.88515625 0.2375 0.2296875 0.04375
0 0.63671875 0.3015625 0.02109375 0.0265625
0 0.07265625 0.39921875 0.1453125 0.03125
0 0.15625 0.15703125 0.01796875 0.01484375
0 0.53515625 0.30703125 0.01796875 0.01328125
0 0.728125 0.4234375 0.30390625 0.07265625
0 0.26171875 0.428125 0.165625 0.04921875
0 0.88515625 0.62421875 0.03515625 0.025
0 0.4921875 0.11875 0.07421875 0.2140625
0 0.1796875 0.290625 0.0125 0.0125
0 0.49375 0.3875 0.0484375 0.03046875
0 0.9453125 0.37109375 0.0828125 0.03203125
0 0.24375 0.06171875 0.0171875 0.01953125
0 0.37734375 0.35390625 0.09765625 0.05859375
0 0.31484375 0.2671875 0.046875 0.03359375
0 0.93515625 0.4171875 0.02421875 0.01484375
0 0.2 0.3734375 0.05234375 0.02890625
0 0.590625 0.0984375 0.021875 0.01640625
0 0.68203125 0.95625 0.1921875 0.0875
0 0.85 0.5515625 0.02734375 0.0265625
0 0.98515625 0.3484375 0.02265625 0.015625
0 0.98359375 0.371875 0.0328125 0.034375
0 0.6890625 0.55703125 0.0984375 0.06875