0 0.484375 0.49921875 0.82421875 0.8890625
0 0.97109375 0.21171875 0.015625 0.01484375
0 0.39609375 0.23125 0.18359375 0.28828125
0 0.23828125 0.61328125 0.12734375 0.0453125
0 0.809375 0.45859375 0.015625 0.01953125
0 0.72734375 0.18125 0.015625 0.0171875
0 0.85625 0.16328125 0.0140625 0.01796875
0 0.6578125 0.196875 0.01171875 0.01484375
0 0.3171875 0.85390625 0.02109375 0.0421875
0 0.3734375 0.69765625 0.0171875 0.0328125
0 0.39375 0.82109375 0.0140625 0.01875
0 0.7046875 0.44921875 0.0890625 0.06875
0 0.7265625 0.36328125 0.025 0.04609375
0 0.21484375 0.10078125 0.1578125 0.19375
0 0.21953125 0.03515625 0.11015625 0.0703125
0 0.16015625 0.36953125 0.2140625 0.21796875
0 0.128125 0.0546875 0.09765625 0.10859375
0 0.73828125 0.1828125 0.0171875 0.0234375
0 0.3859375 0.8875 0.11015625 0.12734375
0 0.88046875 0.28515625 0.03359375 0.05234375
0 0.1125 0.70390625 0.1203125 0.2375
0 0.58515625 0.26328125 0.03671875 0.15625
0 0.0296875 0.6734375 0.05703125 0.13515625
0 0.9171875 0.3671875 0.03984375 0.04609375
0 0.109375 0.31484375 0.12421875 0.09765625
0 0.0171875 0.55703125 0.034375 0.09765625
0 0.25234375 0.86015625 0.01640625 0.02265625
0 0.04375 0.16796875 0.03671875 0.0484375
0 0.6265625 0.2359375 0.053125 0.28203125
0 0.03828125 0.359375 0.0640625 0.06953125
0 0.59296875 0.21171875 0.03046875 0.071875
0 0.63984375 0.0578125 0.0546875 0.115625
0 0.08671875 0.11171875 0.05859375 0.059375
0 0.00703125 0.44140625 0.01171875 0.01953125
0 0.4234375 0.609375 0.07578125 0.06875
0 0.07578125 0.47109375 0.0421875 0.07109375
0 0.25 0.8 0.02578125 0.04609375
0 0.3046875 0.03984375 0.1359375 0.07890625
0 0.15546875 0.1765625 0.06484375 0.0484375
0 0.18671875 0.25625 0.1015625 0.0984375
0 0.05703125 0.14609375 0.02890625 0.0296875
0 0.396875 0.53984375 0.0375 0.04140625
0 0.57890625 0.47265625 0.02890625 0.02890625