0 0.48671875 0.51015625 0.946875 0.9484375
0 0.390625 0.11953125 0.0859375 0.234375
0 0.82890625 0.1234375 0.2984375 0.05078125
0 0.6953125 0.33359375 0.3640625 0.25546875
0 0.2671875 0.13515625 0.221875 0.2046875
0 0.928125 0.3 0.01796875 0.01640625
0 0.92578125 0.20546875 0.0109375 0.009375
0 0.76796875 0.88359375 0.21015625 0.1984375
0 0.84765625 0.41953125 0.01171875 0.0125
0 0.5828125 0.23359375 0.0125 0.015625
0 0.50703125 0.259375 0.0125 0.01171875
0 0.51796875 0.24296875 0.01171875 0.01328125
0 0.48515625 0.265625 0.01484375 0.01171875
0 0.10234375 0.07890625 0.01640625 0.01796875
0 0.17265625 0.38671875 0.01328125 0.01015625
0 0.96953125 0.33125 0.01171875 0.01484375
0 0.6921875 0.63984375 0.05703125 0.090625
0 0.07421875 0.4484375 0.1421875 0.0640625
0 0.8125 0.7375 0.20234375 0.1375
0 0.890625 0.2859375 0.0328125 0.02421875
0 0.11640625 0.03359375 0.01640625 0.01796875
0 0.2515625 0.43203125 0.16171875 0.0828125
0 0.90390625 0.5140625 0.14140625 0.16484375
0 0.8921875 0.23828125 0.0796875 0.0296875
0 0.94375 0.22734375 0.06640625 0.03125
0 0.15078125 0.334375 0.05390625 0.04296875
0 0.8484375 0.84296875 0.04921875 0.10546875
0 0.6578125 0.58125 0.07109375 0.065625
0 0.60078125 0.85234375 0.0703125 0.0296875
0 0.4984375 0.284375 0.04375 0.0359375
0 0.9703125 0.21953125 0.021875 0.021875
0 0.73359375 0.484375 0.03515625 0.01640625
0 0.51640625 0.91796875 0.03828125 0.05859375
0 0.90078125 0.48125 0.0390625 0.02890625
0 0.184375 0.4 0.046875 0.025