0 0.50546875 0.5046875 0.9890625 0.990625
0 0.41484375 0.1125 0.0921875 0.225
0 0.86171875 0.103125 0.2765625 0.05390625
0 0.73984375 0.33046875 0.390625 0.2734375
0 0.28046875 0.11796875 0.2375 0.21953125
0 0.9890625 0.29375 0.01953125 0.01796875
0 0.98671875 0.19296875 0.01171875 0.01015625
0 0.81875 0.90546875 0.225 0.1890625
0 0.903125 0.42265625 0.01328125 0.01328125
0 0.61953125 0.2234375 0.01328125 0.01640625
0 0.53828125 0.25078125 0.01328125 0.0125
0 0.55 0.2328125 0.0125 0.0140625
0 0.51484375 0.25703125 0.015625 0.0125
0 0.1046875 0.05703125 0.01796875 0.01875
0 0.18046875 0.3875 0.0140625 0.0109375
0 0.7359375 0.65859375 0.0609375 0.096875
0 0.07578125 0.45234375 0.15078125 0.06796875
0 0.865625 0.76328125 0.21640625 0.14765625
0 0.94921875 0.2796875 0.03515625 0.02578125
0 0.1203125 0.009375 0.0171875 0.01875
0 0.2640625 0.43515625 0.17265625 0.0890625
0 0.94375 0.521875 0.11171875 0.1765625
0 0.95 0.228125 0.08515625 0.03203125
0 0.9859375 0.21484375 0.028125 0.0328125
0 0.15625 0.33046875 0.0578125 0.04609375
0 0.90390625 0.8765625 0.05234375 0.11328125
0 0.7 0.5953125 0.07578125 0.0703125
0 0.63828125 0.8859375 0.07578125 0.03203125
0 0.52890625 0.27734375 0.046875 0.03828125
0 0.78046875 0.49140625 0.0375 0.01796875
0 0.5484375 0.95625 0.040625 0.06328125
0 0.959375 0.48828125 0.0421875 0.03125
0 0.19296875 0.40078125 0.05078125 0.0265625