0 0.52421875 0.49921875 0.8484375 0.9140625
0 0.0234375 0.203125 0.015625 0.01484375
0 0.61484375 0.2234375 0.18828125 0.296875
0 0.77734375 0.61640625 0.13125 0.04609375
0 0.18984375 0.4578125 0.015625 0.0203125
0 0.27421875 0.17265625 0.015625 0.0171875
0 0.14140625 0.15390625 0.01484375 0.01875
0 0.3453125 0.18828125 0.01171875 0.01484375
0 0.69609375 0.8640625 0.021875 0.04296875
0 0.63828125 0.703125 0.01796875 0.034375
0 0.6171875 0.83046875 0.01484375 0.01875
0 0.296875 0.44765625 0.09140625 0.0703125
0 0.275 0.359375 0.02578125 0.04765625
0 0.8015625 0.09375 0.1625 0.1875
0 0.79765625 0.02890625 0.1125 0.0578125
0 0.85703125 0.36640625 0.2203125 0.22421875
0 0.89140625 0.0484375 0.1015625 0.09609375
0 0.2625 0.1734375 0.0171875 0.02421875
0 0.625 0.8984375 0.11328125 0.13125
0 0.11640625 0.27890625 0.03515625 0.05390625
0 0.90625 0.71015625 0.1234375 0.24453125
0 0.4203125 0.25625 0.0375 0.1609375
0 0.98125 0.67734375 0.03671875 0.13984375
0 0.07890625 0.36328125 0.04140625 0.04765625
0 0.909375 0.309375 0.128125 0.10078125
0 0.99375 0.5578125 0.0125 0.1
0 0.7625 0.87109375 0.01640625 0.0234375
0 0.978125 0.15859375 0.0375 0.05
0 0.37734375 0.22890625 0.0546875 0.28984375
0 0.97578125 0.3546875 0.0484375 0.07265625
0 0.41171875 0.20390625 0.03125 0.0734375
0 0.365625 0.05234375 0.05625 0.1046875
0 0.9328125 0.10078125 0.06015625 0.06171875
0 0.58671875 0.6125 0.078125 0.07109375
0 0.94453125 0.4703125 0.04375 0.07265625
0 0.765625 0.80859375 0.0265625 0.046875
0 0.71015625 0.0328125 0.13984375 0.065625
0 0.8625 0.1671875 0.0671875 0.05
0 0.83046875 0.24921875 0.1046875 0.1015625
0 0.9640625 0.13515625 0.0296875 0.03046875
0 0.6140625 0.540625 0.03828125 0.0421875
0 0.42734375 0.471875 0.0296875 0.0296875