0 0.478125 0.47421875 0.90625 0.92578125
0 0.6 0.1015625 0.01171875 0.01484375
0 0.69375 0.33203125 0.0859375 0.1
0 0.58125 0.41640625 0.0234375 0.02890625
0 0.7859375 0.1671875 0.18671875 0.321875
0 0.61171875 0.096875 0.0125 0.0140625
0 0.68828125 0.4296875 0.01171875 0.0109375
0 0.71328125 0.01171875 0.01640625 0.01484375
0 0.4375 0.9203125 0.01875 0.021875
0 0.50078125 0.24921875 0.0875 0.1234375
0 0.11015625 0.70234375 0.028125 0.06484375
0 0.53828125 0.15 0.01015625 0.01640625
0 0.134375 0.56875 0.23359375 0.28671875
0 0.3828125 0.675 0.075 0.075
0 0.03125 0.72109375 0.015625 0.01875
0 0.3234375 0.39921875 0.22734375 0.06171875
0 0.7078125 0.43359375 0.009375 0.009375
0 0.1234375 0.475 0.10390625 0.0953125
0 0.2921875 0.0828125 0.0125 0.01484375
0 0.6765625 0.2421875 0.0515625 0.05703125
0 0.60234375 0.43125 0.03125 0.03671875
0 0.09765625 0.89765625 0.19296875 0.10546875
0 0.68046875 0.4109375 0.01171875 0.0140625
0 0.6140625 0.30625 0.0671875 0.065625
0 0.40625 0.86640625 0.02734375 0.04765625
0 0.1796875 0.3875 0.08046875 0.034375
0 0.06875 0.428125 0.059375 0.040625
0 0.05390625 0.815625 0.1078125 0.0765625
0 0.01484375 0.3078125 0.028125 0.115625
0 0.0296875 0.63359375 0.05546875 0.06484375
0 0.8234375 0.03828125 0.025 0.02421875
0 0.21953125 0.0859375 0.05 0.090625
0 0.20625 0.0734375 0.02421875 0.03359375
0 0.7921875 0.0609375 0.15859375 0.121875
0 0.128125 0.36328125 0.0203125 0.0359375
0 0.02109375 0.1875 0.040625 0.04140625
0 0.34765625 0.046875 0.0546875 0.04453125
0 0.07890625 0.14921875 0.0234375 0.10859375
0 0.28828125 0.503125 0.21875 0.1015625
0 0.134375 0.12578125 0.0828125 0.15390625
0 0.03359375 0.328125 0.03671875 0.059375
0 0.13359375 0.2796875 0.0203125 0.0578125
0 0.0140625 0.77421875 0.028125 0.065625
0 0.0140625 0.7328125 0.028125 0.059375