0 0.509375 0.5234375 0.98046875 0.93671875
0 0.4296875 0.325 0.0140625 0.0125
0 0.26484375 0.603125 0.03203125 0.01640625
0 0.78671875 0.3796875 0.015625 0.01171875
0 0.346875 0.75546875 0.04921875 0.128125
0 0.415625 0.309375 0.0125 0.01171875
0 0.78203125 0.053125 0.015625 0.0171875
0 0.0265625 0.4609375 0.0171875 0.015625
0 0.11015625 0.2578125 0.2203125 0.04375
0 0.3515625 0.321875 0.02109375 0.02578125
0 0.9109375 0.41953125 0.14453125 0.03046875
0 0.8265625 0.17890625 0.01796875 0.01484375
0 0.45234375 0.32734375 0.01796875 0.01328125
0 0.26171875 0.4421875 0.3 0.071875
0 0.721875 0.446875 0.1640625 0.0484375
0 0.10703125 0.640625 0.03515625 0.02421875
0 0.49453125 0.14140625 0.0734375 0.2109375
0 0.80390625 0.3109375 0.01171875 0.0125
0 0.49296875 0.40703125 0.0484375 0.03046875
0 0.04765625 0.38984375 0.08203125 0.03125
0 0.73984375 0.08515625 0.0171875 0.01953125
0 0.6078125 0.3734375 0.096875 0.0578125
0 0.66953125 0.2875 0.04609375 0.0328125
0 0.0578125 0.4359375 0.02421875 0.0140625
0 0.7828125 0.3921875 0.0515625 0.02890625
0 0.39765625 0.121875 0.021875 0.01640625
0 0.3078125 0.9625 0.190625 0.075
0 0.14140625 0.56875 0.02734375 0.0265625
0 0.009375 0.36640625 0.01875 0.0140625
0 0.01328125 0.39140625 0.02578125 0.03359375
0 0.30078125 0.5734375 0.096875 0.06796875