0 0.4453125 0.55390625 0.81640625 0.759375
0 0.29140625 0.4703125 0.07734375 0.0625
0 0.1421875 0.18515625 0.0140625 0.01640625
0 0.41640625 0.290625 0.03984375 0.1546875
0 0.2734375 0.2078125 0.01328125 0.0140625
0 0.18515625 0.47578125 0.01328125 0.01953125
0 0.79609375 0.1421875 0.14453125 0.2046875
0 0.34296875 0.2203125 0.0109375 0.0140625
0 0.3328125 0.5671875 0.0109375 0.0125
0 0.909375 0.36015625 0.12265625 0.1078125
0 0.36796875 0.09296875 0.0515625 0.16953125
0 0.61796875 0.24765625 0.20625 0.33671875
0 0.1953125 0.315625 0.0171875 0.028125
0 0.31953125 0.58046875 0.0109375 0.01171875
0 0.33125 0.5453125 0.0109375 0.0171875
0 0.96015625 0.196875 0.0296875 0.0328125
0 0.17890625 0.7890625 0.20625 0.38359375
0 0.53515625 0.38203125 0.06796875 0.115625
0 0.44921875 0.11875 0.2046875 0.23515625
0 0.26640625 0.34296875 0.03515625 0.05625
0 0.9546875 0.4671875 0.01875 0.01640625
0 0.1328125 0.59296875 0.01171875 0.01796875
0 0.19765625 0.4640625 0.06875 0.06015625
0 0.52578125 0.025 0.0125 0.015625
0 0.35625 0.23984375 0.021875 0.07734375
0 0.73359375 0.0640625 0.2453125 0.128125
0 0.23515625 0.5359375 0.07734375 0.11640625
0 0.03125 0.2265625 0.0140625 0.021875
0 0.590625 0.0171875 0.0609375 0.03359375
0 0.4640625 0.0421875 0.02265625 0.02890625
0 0.88046875 0.02109375 0.01171875 0.015625
0 0.2296875 0.6421875 0.15 0.040625
0 0.35234375 0.4046875 0.0390625 0.10390625