0 0.515625 0.52265625 0.96875 0.9078125
0 0.42890625 0.32890625 0.0140625 0.01171875
0 0.26953125 0.5984375 0.03125 0.01640625
0 0.77421875 0.38203125 0.01484375 0.0109375
0 0.3484375 0.7453125 0.04765625 0.1234375
0 0.41484375 0.3140625 0.01171875 0.01171875
0 0.7703125 0.065625 0.01484375 0.01640625
0 0.03828125 0.4609375 0.01640625 0.01484375
0 0.1140625 0.26640625 0.22578125 0.0421875
0 0.353125 0.32578125 0.0203125 0.025
0 0.8953125 0.4203125 0.13984375 0.0296875
0 0.81328125 0.1875 0.0171875 0.0140625
0 0.45078125 0.33046875 0.0171875 0.0125
0 0.26640625 0.4421875 0.290625 0.06953125
0 0.71171875 0.446875 0.15859375 0.046875
0 0.115625 0.634375 0.03359375 0.0234375
0 0.4921875 0.15078125 0.07109375 0.2046875
0 0.790625 0.31484375 0.01171875 0.01171875
0 0.48984375 0.4078125 0.046875 0.02890625
0 0.05859375 0.3921875 0.07890625 0.03046875
0 0.7296875 0.096875 0.01640625 0.01875
0 0.6015625 0.37578125 0.09375 0.05546875
0 0.6609375 0.29296875 0.04453125 0.03203125
0 0.06796875 0.4359375 0.0234375 0.0140625
0 0.77109375 0.39453125 0.05 0.028125
0 0.39765625 0.13203125 0.02109375 0.01640625
0 0.3109375 0.953125 0.18515625 0.0828125
0 0.15 0.56484375 0.0265625 0.02578125
0 0.0203125 0.3703125 0.02109375 0.01484375
0 0.01953125 0.39375 0.0375 0.03203125
0 0.30390625 0.56953125 0.09453125 0.06640625