0 0.509375 0.47109375 0.978125 0.9421875
0 0.659375 0.01640625 0.01328125 0.01640625
0 0.7640625 0.271875 0.0953125 0.1109375
0 0.6390625 0.365625 0.02578125 0.03203125
0 0.865625 0.13359375 0.20625 0.2671875
0 0.67265625 0.01015625 0.0140625 0.015625
0 0.7578125 0.38046875 0.01328125 0.0125
0 0.47890625 0.925 0.0203125 0.02421875
0 0.55 0.1796875 0.096875 0.13671875
0 0.115625 0.6828125 0.03125 0.071875
0 0.59140625 0.06953125 0.01171875 0.01796875
0 0.14296875 0.53515625 0.259375 0.31875
0 0.41875 0.65234375 0.0828125 0.08359375
0 0.028125 0.70390625 0.0171875 0.0203125
0 0.353125 0.34609375 0.25234375 0.06796875
0 0.77890625 0.38515625 0.0109375 0.0109375
0 0.1296875 0.43046875 0.115625 0.10625
0 0.74453125 0.171875 0.05703125 0.06328125
0 0.6625 0.38125 0.03515625 0.040625
0 0.10390625 0.8984375 0.2078125 0.11875
0 0.74921875 0.359375 0.01328125 0.01640625
0 0.675 0.24375 0.075 0.0734375
0 0.44453125 0.865625 0.03046875 0.053125
0 0.19296875 0.33359375 0.0890625 0.0375
0 0.06953125 0.37890625 0.06640625 0.04453125
0 0.05625 0.8078125 0.1125 0.08515625
0 0.0125 0.24453125 0.02421875 0.128125
0 0.028125 0.60625 0.05546875 0.07265625
0 0.2359375 0.0234375 0.05546875 0.046875
0 0.87265625 0.01796875 0.1765625 0.0359375
0 0.13515625 0.30625 0.02265625 0.03984375
0 0.01875 0.10859375 0.0375 0.0453125
0 0.08125 0.06796875 0.02578125 0.12109375
0 0.3140625 0.46171875 0.24296875 0.11328125
0 0.14140625 0.06328125 0.0921875 0.1265625
0 0.03046875 0.2671875 0.040625 0.06640625
0 0.1421875 0.21328125 0.02265625 0.0640625
0 0.0125 0.7625 0.02421875 0.07265625
0 0.0109375 0.715625 0.021875 0.065625