0 0.52578125 0.46796875 0.94765625 0.9359375
0 0.39921875 0.0640625 0.0125 0.015625
0 0.30078125 0.3046875 0.08984375 0.1046875
0 0.41796875 0.39296875 0.02421875 0.03046875
0 0.20546875 0.15 0.1953125 0.3
0 0.38671875 0.05859375 0.01328125 0.01484375
0 0.30625 0.40703125 0.0125 0.01171875
0 0.56875 0.91953125 0.01953125 0.02265625
0 0.50234375 0.21796875 0.09140625 0.12890625
0 0.9109375 0.69140625 0.0296875 0.06796875
0 0.46328125 0.11484375 0.0109375 0.0171875
0 0.88203125 0.5515625 0.23515625 0.29921875
0 0.62578125 0.66328125 0.078125 0.078125
0 0.99296875 0.71015625 0.0140625 0.0203125
0 0.6875 0.375 0.2375 0.0640625
0 0.2859375 0.4109375 0.01015625 0.01015625
0 0.89765625 0.4546875 0.10859375 0.1
0 0.7203125 0.04375 0.01328125 0.015625
0 0.31875 0.2109375 0.05390625 0.059375
0 0.39609375 0.4078125 0.0328125 0.03828125
0 0.91171875 0.8953125 0.1765625 0.1109375
0 0.3140625 0.3875 0.0125 0.01484375
0 0.384375 0.278125 0.0703125 0.06875
0 0.60078125 0.86328125 0.02890625 0.05
0 0.83828125 0.36328125 0.084375 0.0359375
0 0.95390625 0.40546875 0.0625 0.0421875
0 0.95703125 0.80859375 0.0859375 0.0796875
0 0.98359375 0.61953125 0.0328125 0.06875
0 0.1671875 0.0046875 0.025 0.009375
0 0.79765625 0.046875 0.05234375 0.09296875
0 0.8109375 0.03359375 0.02578125 0.03515625
0 0.1984375 0.04140625 0.165625 0.0828125
0 0.8921875 0.3375 0.02109375 0.0375
0 0.9921875 0.15234375 0.015625 0.0421875
0 0.66328125 0.01484375 0.05546875 0.0296875
0 0.94296875 0.11328125 0.02421875 0.1140625
0 0.72421875 0.48359375 0.22890625 0.10625
0 0.8859375 0.0890625 0.08671875 0.1609375
0 0.9859375 0.3 0.028125 0.0640625
0 0.8859375 0.25 0.02109375 0.06015625