0 0.5140625 0.49765625 0.834375 0.9
0 0.02109375 0.20625 0.015625 0.01484375
0 0.603125 0.2265625 0.1859375 0.2921875
0 0.76328125 0.61328125 0.1296875 0.0453125
0 0.18515625 0.45625 0.015625 0.0203125
0 0.26796875 0.17578125 0.015625 0.0171875
0 0.13828125 0.1578125 0.0140625 0.01796875
0 0.33828125 0.1921875 0.01171875 0.01484375
0 0.68359375 0.85703125 0.02109375 0.0421875
0 0.6265625 0.6984375 0.0171875 0.03359375
0 0.60625 0.8234375 0.01484375 0.01875
0 0.290625 0.446875 0.08984375 0.06953125
0 0.26875 0.36015625 0.025 0.046875
0 0.7875 0.09609375 0.16015625 0.19140625
0 0.78359375 0.03203125 0.1109375 0.06328125
0 0.8421875 0.36640625 0.2171875 0.22109375
0 0.87578125 0.05078125 0.1 0.1015625
0 0.25703125 0.17734375 0.0171875 0.02421875
0 0.6140625 0.890625 0.11171875 0.12890625
0 0.11328125 0.28046875 0.034375 0.053125
0 0.890625 0.70546875 0.121875 0.240625
0 0.41171875 0.25859375 0.03671875 0.1578125
0 0.9734375 0.6734375 0.053125 0.1375
0 0.07578125 0.3640625 0.040625 0.046875
0 0.89375 0.3109375 0.12578125 0.09921875
0 0.98515625 0.55546875 0.0296875 0.0984375
0 0.74921875 0.86328125 0.01640625 0.02265625
0 0.9609375 0.1625 0.03671875 0.04921875
0 0.36953125 0.23125 0.053125 0.2859375
0 0.96640625 0.35625 0.06484375 0.07109375
0 0.40390625 0.20703125 0.03046875 0.07265625
0 0.35859375 0.0546875 0.05546875 0.109375
0 0.91640625 0.10546875 0.059375 0.06015625
0 0.99609375 0.43828125 0.0078125 0.01875
0 0.57578125 0.609375 0.07734375 0.06953125
0 0.928125 0.46953125 0.04296875 0.071875
0 0.7515625 0.80234375 0.0265625 0.04609375
0 0.696875 0.0359375 0.1375 0.07109375
0 0.84765625 0.17109375 0.065625 0.04921875
0 0.815625 0.2515625 0.103125 0.1
0 0.946875 0.13984375 0.02890625 0.03046875
0 0.60234375 0.53828125 0.03828125 0.0421875
0 0.41875 0.47109375 0.02890625 0.0296875