0 0.75 0.48515625 0.39296875 0.23203125
0 0.4421875 0.34296875 0.3125 0.3625
0 0.56953125 0.3328125 0.10546875 0.1125
0 0.51484375 0.79375 0.25390625 0.2078125
0 0.1765625 0.6390625 0.353125 0.2234375
0 0.4859375 0.1625 0.05390625 0.053125
0 0.71640625 0.08828125 0.2109375 0.1765625
0 0.7953125 0.33984375 0.10234375 0.0828125
0 0.9328125 0.36015625 0.10625 0.1390625
0 0.07734375 0.065625 0.1546875 0.13125
0 0.6484375 0.37578125 0.078125 0.05546875
0 0.8640625 0.6 0.04609375 0.03515625
0 0.87421875 0.64453125 0.02734375 0.025
0 0.7015625 0.84453125 0.0671875 0.1140625
0 0.8921875 0.20390625 0.0375 0.040625
0 0.0890625 0.60234375 0.090625 0.03828125