0 0.721875 0.73203125 0.38046875 0.22890625
0 0.34296875 0.5546875 0.16328125 0.078125
0 0.5 0.453125 0.2828125 0.25703125
0 0.3234375 0.103125 0.190625 0.1796875
0 0.3359375 0.81171875 0.246875 0.20859375
0 0.5671875 0.296875 0.2296875 0.13515625
0 0.93984375 0.18359375 0.10546875 0.1734375
0 0.1828125 0.31796875 0.12421875 0.07265625
0 0.1703125 0.08359375 0.159375 0.14375
0 0.06171875 0.62109375 0.1234375 0.15390625
0 0.4046875 0.3578125 0.1171875 0.10234375
0 0.04921875 0.30703125 0.0984375 0.121875
0 0.1890625 0.671875 0.04453125 0.13203125
0 0.45234375 0.28046875 0.07421875 0.0359375
0 0.71328125 0.23828125 0.15234375 0.090625
0 0.0703125 0.22734375 0.10625 0.096875
0 0.603125 0.0953125 0.040625 0.11171875
0 0.1421875 0.46953125 0.1859375 0.07578125
0 0.71640625 0.11796875 0.25703125 0.07890625
0 0.02421875 0.5953125 0.02890625 0.02734375
0 0.52578125 0.2078125 0.04765625 0.05234375
0 0.40078125 0.68203125 0.04765625 0.0765625
0 0.5515625 0.0453125 0.09375 0.0359375
0 0.04296875 0.46171875 0.03359375 0.01953125
0 0.1359375 0.83671875 0.0734375 0.084375
0 0.8765625 0.92421875 0.0953125 0.15078125
0 0.03125 0.07578125 0.021875 0.03203125
0 0.9203125 0.68515625 0.06875 0.0421875
0 0.10703125 0.16484375 0.0375 0.04453125
0 0.23984375 0.69765625 0.07109375 0.04609375
0 0.92109375 0.09296875 0.12421875 0.03125
0 0.0515625 0.55546875 0.04921875 0.025
0 0.40078125 0.0296875 0.046875 0.021875
0 0.9859375 0.11875 0.0234375 0.05625
0 0.81484375 0.30078125 0.1390625 0.0671875
0 0.31171875 0.38359375 0.08828125 0.040625
0 0.3390625 0.465625 0.04765625 0.0625