0 0.7234375 0.721875 0.37421875 0.22578125
0 0.35 0.54765625 0.1609375 0.0765625
0 0.5046875 0.44765625 0.278125 0.25234375
0 0.33125 0.103125 0.1875 0.1765625
0 0.34296875 0.80078125 0.24296875 0.20546875
0 0.57109375 0.29375 0.2265625 0.1328125
0 0.9375 0.18203125 0.10390625 0.17109375
0 0.1921875 0.31484375 0.121875 0.07109375
0 0.1796875 0.084375 0.15703125 0.14140625
0 0.06796875 0.6140625 0.1359375 0.15234375
0 0.4109375 0.35390625 0.115625 0.10078125
0 0.05625 0.3046875 0.10859375 0.12109375
0 0.1984375 0.66328125 0.04375 0.1296875
0 0.4578125 0.27734375 0.0734375 0.0359375
0 0.71484375 0.2359375 0.15 0.0890625
0 0.08125 0.22578125 0.1046875 0.0953125
0 0.60625 0.0953125 0.03984375 0.11015625
0 0.15234375 0.46328125 0.1828125 0.075
0 0.71796875 0.1171875 0.25234375 0.07734375
0 0.03671875 0.5875 0.028125 0.0265625
0 0.5296875 0.20625 0.046875 0.0515625
0 0.40703125 0.67265625 0.046875 0.075
0 0.55546875 0.04609375 0.0921875 0.0359375
0 0.0546875 0.45546875 0.03359375 0.01953125
0 0.14609375 0.825 0.07265625 0.0828125
0 0.87578125 0.9171875 0.09375 0.1578125
0 0.04296875 0.0765625 0.021875 0.03203125
0 0.91875 0.67578125 0.06796875 0.04140625
0 0.11796875 0.16328125 0.03671875 0.04375
0 0.2484375 0.68828125 0.0703125 0.0453125
0 0.91875 0.09296875 0.121875 0.03125
0 0.06328125 0.5484375 0.0484375 0.02421875
0 0.40703125 0.03046875 0.04609375 0.02109375
0 0.98359375 0.11875 0.02265625 0.0546875
0 0.81484375 0.29765625 0.13671875 0.065625
0 0.31953125 0.37890625 0.08671875 0.040625
0 0.34609375 0.46015625 0.046875 0.06171875