0 0.20546875 0.5625 0.4109375 0.325
0 0.5359375 0.4890625 0.33046875 0.38671875
0 0.50703125 0.84296875 0.30703125 0.20625
0 0.38671875 0.37421875 0.109375 0.1328125
0 0.82734375 0.62890625 0.3453125 0.24765625
0 0.30234375 0.940625 0.071875 0.11875
0 0.20546875 0.13046875 0.23203125 0.18203125
0 0.45859375 0.1765625 0.0609375 0.0515625
0 0.54296875 0.2484375 0.23515625 0.14375
0 0.06953125 0.1796875 0.1390625 0.2078125
0 0.1046875 0.71171875 0.04375 0.0421875
0 0.02890625 0.46484375 0.0578125 0.1484375
0 0.3671875 0.50703125 0.06640625 0.0484375
0 0.0984375 0.76171875 0.02734375 0.02578125
0 0.66640625 0.1359375 0.1578125 0.11796875
0 0.42421875 0.01015625 0.1171875 0.0203125
0 0.8953125 0.040625 0.17890625 0.08046875
0 0.48515625 0.04140625 0.06328125 0.0828125
0 0.2640625 0.0375 0.0453125 0.03046875