0 0.74765625 0.47890625 0.38671875 0.228125
0 0.44453125 0.3390625 0.3078125 0.35703125
0 0.56953125 0.32890625 0.10390625 0.1109375
0 0.51640625 0.7828125 0.25 0.2046875
0 0.178125 0.63046875 0.35625 0.2203125
0 0.4875 0.16171875 0.053125 0.05234375
0 0.7140625 0.08828125 0.2078125 0.17578125
0 0.7921875 0.3359375 0.10078125 0.08125
0 0.92734375 0.35625 0.1046875 0.13671875
0 0.08125 0.065625 0.16171875 0.13046875
0 0.64765625 0.371875 0.0765625 0.0546875
0 0.859375 0.5921875 0.0453125 0.034375
0 0.8703125 0.6359375 0.0265625 0.02421875
0 0.7 0.8328125 0.06640625 0.1125
0 0.8875 0.20234375 0.03671875 0.03984375
0 0.096875 0.59453125 0.0890625 0.0375