0 0.80625 0.5140625 0.38671875 0.31015625
0 0.49375 0.44375 0.315625 0.36875
0 0.521875 0.78125 0.29296875 0.196875
0 0.6359375 0.33359375 0.1046875 0.1265625
0 0.190625 0.57734375 0.38125 0.2359375
0 0.715625 0.878125 0.06875 0.11953125
0 0.80859375 0.1015625 0.22109375 0.1734375
0 0.56796875 0.14609375 0.05859375 0.04921875
0 0.4875 0.2140625 0.22421875 0.1375
0 0.9359375 0.1484375 0.128125 0.1984375
0 0.90546875 0.65625 0.0421875 0.040625
0 0.97421875 0.42109375 0.05078125 0.140625
0 0.6546875 0.4609375 0.06328125 0.04609375
0 0.9109375 0.70390625 0.0265625 0.02421875
0 0.021875 0.44921875 0.04375 0.0640625
0 0.36953125 0.10625 0.15078125 0.1125
0 0.15078125 0.02734375 0.1703125 0.05390625
0 0.5421875 0.028125 0.0609375 0.05546875
0 0.75390625 0.01328125 0.04296875 0.0265625