0 0.2 0.52421875 0.4 0.2953125
0 0.5140625 0.45703125 0.30078125 0.3515625
0 0.4875 0.7796875 0.2796875 0.1875
0 0.378125 0.35234375 0.09921875 0.1203125
0 0.80859375 0.58515625 0.37109375 0.22578125
0 0.30234375 0.871875 0.065625 0.11328125
0 0.2140625 0.13125 0.2109375 0.165625
0 0.44375 0.1734375 0.05546875 0.046875
0 0.5203125 0.23828125 0.2140625 0.13125
0 0.084375 0.1765625 0.13828125 0.1875
0 0.121875 0.659375 0.03984375 0.03828125
0 0.040625 0.43671875 0.07890625 0.13515625
0 0.3609375 0.4734375 0.06015625 0.04375
0 0.11640625 0.7046875 0.025 0.0234375
0 0.971875 0.4640625 0.05390625 0.06015625
0 0.63203125 0.1359375 0.14375 0.1078125
0 0.4125 0.01640625 0.10625 0.03046875
0 0.8421875 0.0453125 0.16328125 0.08359375
0 0.46953125 0.04609375 0.05859375 0.0859375
0 0.2671875 0.04609375 0.040625 0.02734375