0 0.71328125 0.45703125 0.57265625 0.90859375
0 0.36171875 0.3328125 0.271875 0.34140625
0 0.4265625 0.59765625 0.2328125 0.2859375
0 0.81484375 0.08984375 0.22890625 0.165625
0 0.84609375 0.2296875 0.1921875 0.1609375
0 0.184375 0.17578125 0.27109375 0.34296875
0 0.61953125 0.2421875 0.03984375 0.05390625
0 0.478125 0.8640625 0.284375 0.16875
0 0.2140625 0.065625 0.11875 0.13125
0 0.128125 0.83359375 0.12890625 0.10625
0 0.04921875 0.4 0.04140625 0.071875
0 0.31640625 0.88515625 0.10625 0.0671875
0 0.13828125 0.54296875 0.1140625 0.14296875
0 0.065625 0.3421875 0.06640625 0.05859375
0 0.496875 0.2859375 0.021875 0.02578125
0 0.32734375 0.07734375 0.05703125 0.0703125
0 0.4015625 0.85546875 0.10234375 0.13984375
0 0.3390625 0.84453125 0.02265625 0.05078125
0 0.36484375 0.7625 0.02578125 0.0515625
0 0.05859375 0.21953125 0.02734375 0.0328125
0 0.1109375 0.71171875 0.01953125 0.04453125
0 0.3890625 0.06328125 0.078125 0.03671875
0 0.35078125 0.0203125 0.0734375 0.040625
0 0.29921875 0.81015625 0.053125 0.03359375
0 0.2515625 0.81484375 0.0125 0.0171875
0 0.09296875 0.74375 0.025 0.04375