0 0.28515625 0.46328125 0.5703125 0.9265625
0 0.64296875 0.2875 0.30078125 0.37734375
0 0.57109375 0.5796875 0.25703125 0.315625
0 0.1421875 0.0546875 0.253125 0.109375
0 0.1078125 0.1734375 0.2125 0.178125
0 0.8390625 0.1515625 0.30078125 0.30234375
0 0.35703125 0.1875 0.04453125 0.06015625
0 0.5140625 0.87421875 0.3140625 0.1859375
0 0.8046875 0.03203125 0.13125 0.0640625
0 0.9 0.840625 0.14296875 0.1171875
0 0.9828125 0.359375 0.034375 0.08125
0 0.6921875 0.89765625 0.1171875 0.07421875
0 0.8890625 0.51953125 0.1265625 0.1578125
0 0.96640625 0.296875 0.06640625 0.06328125
0 0.49296875 0.23515625 0.02421875 0.02890625
0 0.68203125 0.02109375 0.06328125 0.0421875
0 0.5984375 0.86484375 0.1125 0.1546875
0 0.6671875 0.85234375 0.025 0.05625
0 0.6390625 0.7625 0.028125 0.05703125
0 0.97734375 0.16171875 0.03046875 0.0359375
0 0.91953125 0.70625 0.02109375 0.04921875
0 0.6125 0.0046875 0.0859375 0.00859375
0 0.7109375 0.8140625 0.059375 0.0375
0 0.7640625 0.81953125 0.0140625 0.01875
0 0.9390625 0.74140625 0.028125 0.0484375