0 0.6640625 0.365625 0.29765625 0.2296875
0 0.175 0.6546875 0.28671875 0.3859375
0 0.58359375 0.215625 0.04140625 0.18984375
0 0.43203125 0.284375 0.1921875 0.12109375
0 0.4125 0.62890625 0.303125 0.15
0 0.25625 0.4140625 0.3828125 0.175
0 0.96015625 0.2875 0.0796875 0.11796875
0 0.92890625 0.42890625 0.14140625 0.30859375
0 0.60078125 0.6046875 0.06640625 0.05703125
0 0.80703125 0.6171875 0.34453125 0.1640625
0 0.76171875 0.2171875 0.1640625 0.24765625
0 0.43515625 0.375 0.24765625 0.12890625
0 0.89140625 0.0828125 0.13203125 0.15
0 0.72421875 0.5109375 0.196875 0.06484375
0 0.30546875 0.55546875 0.06484375 0.04921875
0 0.1921875 0.1171875 0.35 0.234375
0 0.428125 0.759375 0.34296875 0.35078125
0 0.96484375 0.6453125 0.0703125 0.1203125
0 0.60546875 0.11953125 0.27578125 0.18125
0 0.59453125 0.70625 0.05625 0.21015625
0 0.7109375 0.81015625 0.18828125 0.3796875
0 0.77890625 0.42578125 0.0984375 0.075
0 0.86328125 0.7078125 0.2734375 0.16171875
0 0.93515625 0.359375 0.1296875 0.0953125
0 0.58984375 0.54921875 0.1171875 0.084375
0 0.5828125 0.80234375 0.0984375 0.3953125
0 0.29765625 0.48515625 0.1140625 0.059375
0 0.403125 0.0828125 0.38671875 0.16484375
0 0.4 0.00390625 0.140625 0.0078125
0 0.9265625 0.815625 0.146875 0.328125
0 0.12109375 0.046875 0.13515625 0.09296875
0 0.58515625 0.06171875 0.15546875 0.09375