0 0.32890625 0.36875 0.27890625 0.21484375
0 0.7875 0.63984375 0.26875 0.36171875
0 0.4046875 0.22890625 0.0390625 0.178125
0 0.546875 0.29296875 0.18046875 0.1140625
0 0.56484375 0.61640625 0.284375 0.140625
0 0.71171875 0.41484375 0.35859375 0.1640625
0 0.04921875 0.296875 0.08203125 0.11015625
0 0.075 0.4296875 0.14609375 0.28984375
0 0.3890625 0.59375 0.06171875 0.05390625
0 0.1953125 0.6046875 0.32265625 0.15390625
0 0.2375 0.23046875 0.15390625 0.23203125
0 0.54375 0.378125 0.23203125 0.1203125
0 0.115625 0.1046875 0.1234375 0.140625
0 0.27265625 0.50546875 0.184375 0.0609375
0 0.665625 0.54765625 0.0609375 0.04609375
0 0.771875 0.12421875 0.328125 0.2484375
0 0.55 0.73828125 0.32109375 0.32890625
0 0.04140625 0.63203125 0.07734375 0.1125
0 0.384375 0.13828125 0.25859375 0.1703125
0 0.39375 0.6890625 0.05234375 0.196875
0 0.2859375 0.790625 0.17734375 0.36484375
0 0.22109375 0.42578125 0.0921875 0.0703125
0 0.13984375 0.68984375 0.2625 0.1515625
0 0.0734375 0.3640625 0.128125 0.08828125
0 0.39921875 0.54140625 0.109375 0.0796875
0 0.40625 0.78359375 0.0921875 0.3796875
0 0.67265625 0.48203125 0.10703125 0.05546875
0 0.575 0.0953125 0.3625 0.175
0 0.57734375 0.01796875 0.1328125 0.03359375
0 0.0765625 0.7921875 0.15234375 0.30703125
0 0.8390625 0.0578125 0.1265625 0.115625
0 0.403125 0.084375 0.14609375 0.0875