0 0.7140625 0.45390625 0.571875 0.896875
0 0.36171875 0.33046875 0.26875 0.33671875
0 0.42578125 0.5921875 0.2296875 0.28203125
0 0.809375 0.08984375 0.22578125 0.1640625
0 0.83984375 0.228125 0.18984375 0.159375
0 0.18671875 0.175 0.26796875 0.33828125
0 0.61640625 0.240625 0.03984375 0.053125
0 0.4765625 0.8546875 0.28046875 0.16640625
0 0.21796875 0.06640625 0.11640625 0.1328125
0 0.13125 0.825 0.12734375 0.1046875
0 0.053125 0.396875 0.040625 0.07109375
0 0.3171875 0.87578125 0.1046875 0.06640625
0 0.14140625 0.53828125 0.1125 0.140625
0 0.06953125 0.33984375 0.065625 0.0578125
0 0.4953125 0.28359375 0.021875 0.02578125
0 0.32734375 0.07734375 0.05625 0.06953125
0 0.40078125 0.846875 0.10078125 0.13828125
0 0.33984375 0.83515625 0.021875 0.05
0 0.36484375 0.7546875 0.025 0.0515625
0 0.0625 0.21796875 0.0265625 0.03203125
0 0.1140625 0.7046875 0.01875 0.04453125
0 0.3890625 0.0640625 0.07734375 0.0359375
0 0.35234375 0.021875 0.071875 0.0421875
0 0.30078125 0.8015625 0.053125 0.03359375
0 0.253125 0.80625 0.0125 0.01640625
0 0.09609375 0.7359375 0.025 0.04296875