0 0.30625 0.3515625 0.2921875 0.225
0 0.7859375 0.63515625 0.28125 0.37890625
0 0.38515625 0.20546875 0.040625 0.1859375
0 0.534375 0.27265625 0.1890625 0.11875
0 0.553125 0.61015625 0.296875 0.14765625
0 0.70625 0.39921875 0.375 0.171875
0 0.028125 0.275 0.05546875 0.115625
0 0.0578125 0.4140625 0.115625 0.30234375
0 0.36875 0.58671875 0.06484375 0.05625
0 0.1671875 0.596875 0.334375 0.159375
0 0.21015625 0.20625 0.1609375 0.24296875
0 0.53046875 0.3609375 0.2421875 0.1265625
0 0.08359375 0.075 0.1296875 0.14765625
0 0.24765625 0.49453125 0.19296875 0.06328125
0 0.65859375 0.53828125 0.0640625 0.0484375
0 0.76875 0.11171875 0.34375 0.2234375
0 0.5375 0.7375 0.3359375 0.34453125
0 0.02265625 0.625 0.0453125 0.11875
0 0.3640625 0.11015625 0.2703125 0.178125
0 0.37421875 0.6859375 0.0546875 0.20625
0 0.26171875 0.7921875 0.18515625 0.38203125
0 0.19375 0.4109375 0.096875 0.0734375
0 0.12265625 0.68671875 0.2453125 0.15859375
0 0.05234375 0.3453125 0.1046875 0.09296875
0 0.3796875 0.53203125 0.11484375 0.0828125
0 0.3875 0.78515625 0.09609375 0.396875
0 0.665625 0.46953125 0.11171875 0.0578125
0 0.5609375 0.07734375 0.378125 0.1546875
0 0.06015625 0.7921875 0.1203125 0.321875
0 0.83828125 0.0421875 0.1328125 0.084375
0 0.38359375 0.05390625 0.15234375 0.09140625