0 0.74921875 0.16015625 0.29453125 0.290625
0 0.4796875 0.47421875 0.50234375 0.6640625
0 0.3015625 0.18046875 0.03671875 0.03671875
0 0.88203125 0.5265625 0.02265625 0.05078125
0 0.82265625 0.6515625 0.3546875 0.46953125
0 0.42109375 0.25703125 0.2359375 0.11328125
0 0.55078125 0.009375 0.0203125 0.01875
0 0.5640625 0.04375 0.2171875 0.0875
0 0.8359375 0.50390625 0.13984375 0.04765625
0 0.40625 0.409375 0.2078125 0.05859375
0 0.88984375 0.20390625 0.09375 0.30859375
0 0.31640625 0.04765625 0.02421875 0.03125