0 0.5765625 0.5921875 0.4890625 0.65390625
0 0.15625 0.2265625 0.09609375 0.3203125
0 0.275 0.20703125 0.265625 0.36171875
0 0.61328125 0.3828125 0.221875 0.11171875
0 0.63125 0.5375 0.171875 0.05390625
0 0.47890625 0.1046875 0.01640625 0.02109375
0 0.17578125 0.6609375 0.33515625 0.4375
0 0.1859375 0.54609375 0.0203125 0.0515625
0 0.71171875 0.20390625 0.025 0.02421875
0 0.6515625 0.23203125 0.14140625 0.05390625
0 0.090625 0.76875 0.02265625 0.02578125
0 0.1859375 0.053125 0.01640625 0.02734375