0 0.4 0.621875 0.51640625 0.690625
0 0.84296875 0.2359375 0.1015625 0.33828125
0 0.71796875 0.215625 0.28046875 0.38203125
0 0.3609375 0.4015625 0.234375 0.11796875
0 0.3421875 0.5640625 0.18125 0.05703125
0 0.50234375 0.1078125 0.0171875 0.02265625
0 0.82265625 0.69453125 0.35390625 0.46171875
0 0.81171875 0.5734375 0.021875 0.05390625
0 0.25625 0.2125 0.0265625 0.02578125
0 0.3203125 0.2421875 0.15 0.05703125
0 0.91328125 0.80859375 0.0234375 0.02734375
0 0.81171875 0.05234375 0.0171875 0.02890625