0 0.253125 0.1703125 0.28828125 0.284375
0 0.5171875 0.478125 0.49140625 0.65
0 0.690625 0.190625 0.0359375 0.0359375
0 0.12265625 0.52890625 0.021875 0.04921875
0 0.18046875 0.653125 0.34921875 0.459375
0 0.57421875 0.265625 0.23046875 0.1109375
0 0.4484375 0.021875 0.01953125 0.02265625
0 0.43515625 0.05078125 0.2125 0.09921875
0 0.16875 0.50703125 0.13671875 0.046875
0 0.5890625 0.41484375 0.203125 0.05703125
0 0.115625 0.21328125 0.09140625 0.3015625
0 0.6765625 0.0609375 0.02421875 0.03046875