0 0.79453125 0.57578125 0.25859375 0.39140625
0 0.2859375 0.246875 0.14609375 0.26796875
0 0.51015625 0.30625 0.16328125 0.24609375
0 0.128125 0.52890625 0.15 0.2171875
0 0.36953125 0.59375 0.12734375 0.18359375
0 0.51015625 0.8328125 0.1015625 0.2546875
0 0.7171875 0.21875 0.1140625 0.2234375
0 0.32734375 0.07109375 0.10625 0.1421875
0 0.853125 0.29140625 0.10546875 0.17578125
0 0.70703125 0.69375 0.0703125 0.121875
0 0.41875 0.8359375 0.08125 0.1703125
0 0.53515625 0.678125 0.08984375 0.109375
0 0.4765625 0.15078125 0.0453125 0.1203125
0 0.72890625 0.10859375 0.06015625 0.06640625