0 0.70546875 0.3921875 0.30859375 0.69609375
0 0.3765625 0.46640625 0.4265625 0.9328125
0 0.409375 0.2515625 0.33828125 0.4515625
0 0.88671875 0.203125 0.2265625 0.35859375
0 0.79765625 0.6859375 0.39140625 0.5734375
0 0.69765625 0.16484375 0.2453125 0.22265625
0 0.95 0.25390625 0.1 0.21640625
0 0.4375 0.1484375 0.22890625 0.153125
0 0.14296875 0.31171875 0.27578125 0.15625
0 0.83515625 0.084375 0.13515625 0.134375
0 0.41015625 0.075 0.2734375 0.14921875
0 0.1703125 0.21328125 0.23046875 0.14453125