0 0.9796875 0.0875 0.040625 0.175
0 0.203125 0.05 0.1421875 0.1
0 0.5 0.5375 1 0.90859375
0 0.0921875 0.28125 0.0796875 0.29765625
0 0.2171875 0.29375 0.03515625 0.1640625
0 0.77421875 0.14609375 0.07578125 0.29140625
0 0.28125 0.7578125 0.146875 0.484375
0 0.56953125 0.03359375 0.0484375 0.06640625
0 0.07109375 0.62109375 0.1421875 0.45859375
0 0.5015625 0.14140625 0.090625 0.2828125
0 0.703125 0.08515625 0.071875 0.11640625
0 0.64609375 0.30390625 0.10078125 0.21953125
0 0.2625 0.1953125 0.10234375 0.3328125
0 0.39140625 0.215625 0.08203125 0.2453125
0 0.01484375 0.790625 0.0296875 0.25
0 0.440625 0.06875 0.04453125 0.10546875
0 0.03671875 0.21171875 0.03046875 0.1140625
0 0.5 0.52890625 1 0.94140625
0 0.9046875 0.13125 0.05078125 0.225
0 0.3359375 0.57734375 0.0546875 0.1359375
0 0.05546875 0.0796875 0.02578125 0.07421875