0 0.73828125 0.81171875 0.52265625 0.37578125
0 0.86484375 0.18359375 0.2703125 0.3671875
0 0.190625 0.1671875 0.371875 0.334375
0 0.15078125 0.540625 0.296875 0.41484375
0 0.946875 0.5984375 0.10546875 0.1515625
0 0.02734375 0.41875 0.0265625 0.02109375
0 0.72890625 0.6390625 0.14765625 0.13125
0 0.525 0.83671875 0.1859375 0.21953125
0 0.5765625 0.5765625 0.0328125 0.03671875
0 0.615625 0.046875 0.10078125 0.05390625
0 0.775 0.1734375 0.0921875 0.125
0 0.1625 0.95625 0.1421875 0.0875
0 0.046875 0.5703125 0.09296875 0.11875
0 0.63359375 0.33984375 0.1671875 0.134375
0 0.05234375 0.45390625 0.05390625 0.0328125
0 0.48203125 0.5546875 0.05546875 0.10234375
0 0.02421875 0.9703125 0.0484375 0.05625
0 0.571875 0.671875 0.153125 0.1046875
0 0.1265625 0.04296875 0.04921875 0.0296875
0 0.03671875 0.2796875 0.0734375 0.11015625
0 0.38046875 0.0296875 0.04609375 0.059375