0 0.978125 0.10625 0.04296875 0.2125
0 0.0453125 0.2421875 0.090625 0.484375
0 0.15234375 0.5765625 0.20234375 0.06328125
0 0.153125 0.9703125 0.271875 0.059375
0 0.44609375 0.79375 0.075 0.09296875
0 0.678125 0.0875 0.296875 0.175
0 0.18671875 0.75390625 0.23046875 0.1703125
0 0.1875 0.14921875 0.228125 0.29765625
0 0.4109375 0.50546875 0.0671875 0.15546875
0 0.50234375 0.5 0.9953125 1
0 0.85546875 0.31640625 0.121875 0.134375
0 0.4375 0.11953125 0.06484375 0.2390625
0 0.071875 0.0359375 0.0328125 0.0625
0 0.59921875 0.29921875 0.0578125 0.1109375
0 0.9109375 0.28828125 0.015625 0.01796875