0 0.4828125 0.5 0.92109375 1
0 0.75 0.23828125 0.0171875 0.1828125
0 0.1625 0.72109375 0.13515625 0.18984375
0 0.68515625 0.43125 0.01875 0.02890625
0 0.56796875 0.12734375 0.13125 0.24296875
0 0.05703125 0.28984375 0.1046875 0.09453125
0 0.33046875 0.43046875 0.0796875 0.071875
0 0.48671875 0.41171875 0.034375 0.053125
0 0.1953125 0.91484375 0.21796875 0.1703125
0 0.421875 0.58046875 0.0453125 0.0421875
0 0.21796875 0.490625 0.128125 0.12890625
0 0.5921875 0.4375 0.02734375 0.03828125
0 0.5171875 0.065625 0.0375 0.0984375
0 0.17421875 0.60234375 0.04375 0.02890625
0 0.15390625 0.4578125 0.05390625 0.065625
0 0.5109375 0.0140625 0.0828125 0.028125
0 0.72578125 0.1015625 0.178125 0.1125