0 0.2984375 0.3921875 0.30234375 0.6828125
0 0.6234375 0.46484375 0.4171875 0.91953125
0 0.5890625 0.25390625 0.33125 0.44296875
0 0.11875 0.20859375 0.228125 0.353125
0 0.20859375 0.68046875 0.38359375 0.5625
0 0.30703125 0.16953125 0.240625 0.21796875
0 0.05546875 0.259375 0.1109375 0.21171875
0 0.5609375 0.15390625 0.22421875 0.15
0 0.84921875 0.3140625 0.2703125 0.153125
0 0.171875 0.090625 0.13203125 0.13203125
0 0.590625 0.08125 0.271875 0.1515625
0 0.82265625 0.2171875 0.22578125 0.1421875