0 0.13984375 0.8921875 0.10546875 0.1296875
0 0.0625 0.178125 0.11875 0.1140625
0 0.07109375 0.51171875 0.13359375 0.16171875
0 0.38359375 0.1296875 0.0765625 0.08046875
0 0.33828125 0.51015625 0.67109375 0.94921875
0 0.0828125 0.3515625 0.0796875 0.0703125
0 0.24375 0.14375 0.12421875 0.22578125
0 0.43984375 0.36796875 0.1875 0.13515625
0 0.65 0.29609375 0.08359375 0.16171875
0 0.23203125 0.42421875 0.03828125 0.090625
0 0.0359375 0.93046875 0.06953125 0.1265625
0 0.1328125 0.80078125 0.03828125 0.05703125
0 0.6296875 0.403125 0.01875 0.0359375