0 0.49765625 0.540625 0.9859375 0.88515625
0 0.0796875 0.61875 0.15 0.44140625
0 0.2734375 0.20234375 0.09765625 0.3265625
0 0.10625 0.28828125 0.075 0.28125
0 0.2921875 0.76015625 0.14375 0.4796875
0 0.77109375 0.153125 0.07578125 0.2984375
0 0.50859375 0.15234375 0.08203125 0.3046875
0 0.22734375 0.30234375 0.03359375 0.1625
0 0.496875 0.5390625 0.99140625 0.921875
0 0.975 0.096875 0.05 0.18203125
0 0.21640625 0.06015625 0.1390625 0.11015625
0 0.7015625 0.11171875 0.06953125 0.1359375
0 0.6453125 0.31484375 0.09609375 0.2078125
0 0.571875 0.04609375 0.04765625 0.09140625