0 0.975 0.09609375 0.05 0.18125
0 0.21484375 0.059375 0.1375 0.11015625
0 0.4984375 0.5421875 0.9859375 0.8828125
0 0.10625 0.28828125 0.07734375 0.28828125
0 0.228125 0.30078125 0.03359375 0.15859375
0 0.7703125 0.15078125 0.0734375 0.296875
0 0.29140625 0.759375 0.1421875 0.48125
0 0.57109375 0.04375 0.046875 0.0875
0 0.0796875 0.62109375 0.15234375 0.44921875
0 0.50546875 0.14609375 0.0890625 0.2921875
0 0.7 0.0984375 0.0703125 0.1125
0 0.64375 0.31015625 0.09765625 0.2125
0 0.271875 0.2046875 0.09921875 0.32265625
0 0.396875 0.225 0.0796875 0.2375
0 0.02421875 0.78671875 0.04765625 0.24296875
0 0.4453125 0.0828125 0.04296875 0.1015625
0 0.053125 0.22109375 0.0296875 0.1109375
0 0.49609375 0.5390625 0.9921875 0.921875
0 0.8953125 0.14296875 0.04921875 0.21796875
0 0.34296875 0.575 0.053125 0.13125
0 0.0078125 0.3125 0.01484375 0.065625
0 0.07109375 0.09375 0.025 0.071875