0 0.2703125 0.80625 0.53125 0.3875
0 0.14609375 0.18046875 0.28359375 0.36015625
0 0.81796875 0.1640625 0.3640625 0.328125
0 0.85546875 0.52890625 0.28828125 0.41015625
0 0.06328125 0.5875 0.12578125 0.1484375
0 0.97734375 0.4109375 0.02578125 0.02109375
0 0.28828125 0.62734375 0.14453125 0.12890625
0 0.4890625 0.821875 0.1828125 0.215625
0 0.43828125 0.56640625 0.03203125 0.03671875
0 0.4 0.04609375 0.0984375 0.053125
0 0.24375 0.1703125 0.090625 0.12265625
0 0.84140625 0.946875 0.13984375 0.09453125
0 0.95703125 0.55859375 0.0859375 0.1171875
0 0.3828125 0.33359375 0.1640625 0.13203125
0 0.953125 0.4453125 0.053125 0.03203125
0 0.53125 0.54453125 0.0546875 0.10078125
0 0.9796875 0.95078125 0.040625 0.05390625
0 0.44296875 0.659375 0.15 0.10234375
0 0.88046875 0.0421875 0.0484375 0.0296875
0 0.96875 0.26953125 0.0625 0.1078125
0 0.63046875 0.02890625 0.0453125 0.0578125
0 0.00234375 0.0453125 0.0046875 0.0359375