0 0.40390625 0.59765625 0.4171875 0.31875
0 0.73984375 0.60234375 0.51953125 0.528125
0 0.15625 0.59921875 0.18515625 0.23515625
0 0.18359375 0.3015625 0.26953125 0.29921875
0 0.6125 0.28359375 0.24453125 0.33671875
0 0.90546875 0.21015625 0.17421875 0.3765625
0 0.0515625 0.65546875 0.103125 0.2625
0 0.1 0.87890625 0.1984375 0.165625
0 0.90703125 0.06640625 0.15625 0.121875
0 0.62265625 0.1078125 0.06640625 0.0765625
0 0.08125 0.26796875 0.07578125 0.20546875
0 0.64609375 0.0375 0.0734375 0.0734375
0 0.70546875 0.12890625 0.0890625 0.109375
0 0.440625 0.1296875 0.165625 0.17109375
0 0.73125 0.0328125 0.0703125 0.06328125