0 0.49140625 0.490625 0.9828125 0.98125
0 0.25703125 0.5765625 0.1671875 0.08125
0 0.91328125 0.15625 0.1734375 0.121875
0 0.36796875 0.14609375 0.21796875 0.128125
0 0.071875 0.21171875 0.14375 0.0875
0 0.6640625 0.04765625 0.15546875 0.0953125
0 0.66875 0.19921875 0.2171875 0.06640625
0 0.73828125 0.28671875 0.24140625 0.15546875
0 0.109375 0.959375 0.21875 0.08125
0 0.140625 0.3734375 0.18359375 0.13046875
0 0.38671875 0.29140625 0.20234375 0.14453125
0 0.16953125 0.02109375 0.1203125 0.0421875
0 0.11015625 0.11953125 0.134375 0.0640625
0 0.121875 0.8515625 0.17734375 0.11640625
0 0.378125 0.06484375 0.146875 0.0484375
0 0.26328125 0.225 0.0671875 0.1203125
0 0.00859375 0.3875 0.0171875 0.0953125
0 0.07265625 0.78515625 0.03515625 0.02265625
0 0.37109375 0.95 0.05625 0.0375
0 0.2578125 0.66015625 0.10703125 0.10625
0 0.23125 0.790625 0.08515625 0.0515625
0 0.34765625 0.9765625 0.1203125 0.046875