0 0.11328125 0.9375 0.115625 0.125
0 0.046875 0.159375 0.09375 0.125
0 0.05546875 0.52578125 0.1109375 0.17578125
0 0.3859375 0.109375 0.084375 0.08828125
0 0.35234375 0.5 0.7046875 1
0 0.053125 0.353125 0.08828125 0.07734375
0 0.2296875 0.121875 0.1375 0.24375
0 0.4484375 0.371875 0.2078125 0.14921875
0 0.68125 0.2921875 0.09296875 0.178125
0 0.21796875 0.43359375 0.0421875 0.1
0 0.01953125 0.96015625 0.03828125 0.0796875
0 0.10859375 0.84921875 0.0421875 0.06328125
0 0.6578125 0.41015625 0.02109375 0.03984375