0 0.0984375 0.0859375 0.196875 0.171875
0 0.50390625 0.5 0.99140625 1
0 0.47890625 0.125 0.18359375 0.1890625
0 0.20078125 0.23359375 0.07109375 0.13203125
0 0.696875 0.23984375 0.1953125 0.28125
0 0.92109375 0.22265625 0.06953125 0.1890625
0 0.84609375 0.12578125 0.153125 0.2421875
0 0.80859375 0.4203125 0.04609375 0.075
0 0.74375 0.371875 0.04296875 0.1078125
0 0.9234375 0.5484375 0.153125 0.2125
0 0.71640625 0.60390625 0.12109375 0.19765625
0 0.9703125 0.7671875 0.059375 0.2125
0 0.43828125 0.03125 0.1328125 0.0625
0 0.86171875 0.7640625 0.17265625 0.37265625
0 0.73984375 0.03125 0.1109375 0.0625
0 0.93984375 0.0203125 0.11953125 0.03984375
0 0.91953125 0.43125 0.06171875 0.07265625
0 0.63046875 0.08984375 0.1 0.0984375
0 0.29921875 0.0375 0.1109375 0.075
0 0.66484375 0.9796875 0.08984375 0.03984375