0 0.1609375 0.93828125 0.13828125 0.09296875
0 0.70703125 0.6234375 0.14296875 0.1265625
0 0.934375 0.58671875 0.13046875 0.1453125
0 0.72578125 0.80234375 0.525 0.3828125
0 0.0265625 0.41015625 0.025 0.02109375
0 0.0234375 0.94453125 0.046875 0.0546875
0 0.0453125 0.55625 0.090625 0.11484375
0 0.55859375 0.56328125 0.03203125 0.0359375
0 0.50859375 0.815625 0.18046875 0.2125
0 0.75078125 0.171875 0.08984375 0.12109375
0 0.12265625 0.04609375 0.0484375 0.02890625
0 0.05078125 0.44375 0.0515625 0.03125
0 0.55390625 0.65546875 0.1484375 0.10078125
0 0.596875 0.05 0.09765625 0.05234375
0 0.0359375 0.27421875 0.071875 0.1109375
0 0.84921875 0.1828125 0.27734375 0.36171875
0 0.99375 0.0515625 0.0125 0.034375
0 0.4671875 0.540625 0.05390625 0.10078125
0 0.3703125 0.03359375 0.0453125 0.0671875
0 0.61171875 0.334375 0.16328125 0.1296875
0 0.1765625 0.16640625 0.33828125 0.3265625
0 0.14765625 0.52890625 0.28828125 0.4
0 0.59296875 0.48203125 0.1671875 0.140625