0 0.91171875 0.09453125 0.1734375 0.1890625
0 0.5 0.49765625 1 0.99453125
0 0.56328125 0.14609375 0.1703125 0.1734375
0 0.821875 0.2453125 0.065625 0.12109375
0 0.3609375 0.25078125 0.18125 0.2578125
0 0.153125 0.23515625 0.06484375 0.17265625
0 0.221875 0.14609375 0.1421875 0.221875
0 0.25703125 0.4171875 0.04296875 0.06875
0 0.3171875 0.371875 0.03984375 0.0984375
0 0.1109375 0.534375 0.221875 0.19453125
0 0.34296875 0.584375 0.1125 0.18046875
0 0.0375 0.3578125 0.075 0.115625
0 0.0671875 0.73359375 0.134375 0.1953125
0 0.60078125 0.04453125 0.1234375 0.0890625
0 0.2078125 0.73125 0.16015625 0.34140625
0 0.0375 0.10703125 0.075 0.1421875
0 0.3203125 0.04453125 0.103125 0.0890625
0 0.1171875 0.034375 0.146875 0.06875
0 0.021875 0.0265625 0.04375 0.05234375
0 0.1546875 0.4265625 0.0578125 0.06640625
0 0.42265625 0.1140625 0.09296875 0.08984375
0 0.01171875 0.965625 0.0234375 0.06875
0 0.01796875 0.7734375 0.021875 0.03828125
0 0.01015625 0.43125 0.01953125 0.03125
0 0.73125 0.06484375 0.10234375 0.0734375
0 0.38984375 0.9546875 0.0828125 0.090625
0 0.5 0.015625 0.04765625 0.03125