0 0.15390625 0.95546875 0.1515625 0.0890625
0 0.76015625 0.61875 0.1578125 0.13984375
0 0.96796875 0.57578125 0.0640625 0.16171875
0 0.74453125 0.8015625 0.5109375 0.396875
0 0.01015625 0.3796875 0.01953125 0.02421875
0 0.01484375 0.9703125 0.0296875 0.05859375
0 0.0390625 0.54375 0.078125 0.12734375
0 0.596875 0.55234375 0.03515625 0.03984375
0 0.54140625 0.83046875 0.19921875 0.234375
0 0.8078125 0.12109375 0.0984375 0.13359375
0 0.03671875 0.42109375 0.05703125 0.03515625
0 0.59140625 0.65390625 0.16328125 0.11171875
0 0.63671875 0.00703125 0.1078125 0.0140625
0 0.0296875 0.2328125 0.05859375 0.12265625
0 0.8796875 0.1640625 0.23984375 0.328125
0 0.4953125 0.52734375 0.059375 0.11171875
0 0.65546875 0.3 0.1796875 0.14296875
0 0.17890625 0.146875 0.3578125 0.29375
0 0.14921875 0.51171875 0.2984375 0.4453125
0 0.634375 0.46328125 0.184375 0.15546875