0 0.96015625 0.85546875 0.07890625 0.153125
0 0.11484375 0.88359375 0.2296875 0.2328125
0 0.859375 0.76640625 0.28125 0.4203125
0 0.70078125 0.51640625 0.08984375 0.23671875
0 0.04375 0.34296875 0.0875 0.1421875
0 0.2234375 0.521875 0.11015625 0.196875
0 0.44140625 0.95703125 0.2140625 0.08515625
0 0.07421875 0.62734375 0.0703125 0.140625
0 0.53515625 0.55234375 0.1578125 0.2328125
0 0.90625 0.5375 0.15078125 0.1671875
0 0.38515625 0.88828125 0.05 0.08515625
0 0.53828125 0.80625 0.09453125 0.103125
0 0.1953125 0.8390625 0.07578125 0.0859375
0 0.67578125 0.23203125 0.115625 0.22265625
0 0.11171875 0.25078125 0.07265625 0.06171875
0 0.54375 0.9796875 0.0875 0.040625
0 0.88125 0.2453125 0.06171875 0.16484375
0 0.41328125 0.275 0.1171875 0.1515625
0 0.55703125 0.32265625 0.09140625 0.08671875
0 0.275 0.7328125 0.0609375 0.071875
0 0.22109375 0.346875 0.09921875 0.16171875
0 0.3421875 0.63203125 0.07109375 0.09140625
0 0.7734375 0.15703125 0.07421875 0.115625
0 0.57578125 0.14765625 0.05546875 0.08359375
0 0.38515625 0.13359375 0.0984375 0.08828125
0 0.9703125 0.1921875 0.059375 0.146875
0 0.09765625 0.40390625 0.025 0.0828125
0 0.1765625 0.059375 0.07734375 0.11796875
0 0.30625 0.42734375 0.07421875 0.1203125
0 0.5140625 0.10703125 0.07421875 0.159375
0 0.203125 0.97734375 0.06015625 0.0453125
0 0.0078125 0.7015625 0.01484375 0.07421875