0 0.6234375 0.60625 0.4546875 0.34765625
0 0.27109375 0.609375 0.5421875 0.57890625
0 0.89296875 0.6078125 0.2015625 0.25625
0 0.859375 0.28125 0.28125 0.32578125
0 0.396875 0.2640625 0.26640625 0.36640625
0 0.08828125 0.19375 0.1765625 0.3875
0 0.9765625 0.665625 0.04609375 0.28671875
0 0.92421875 0.91015625 0.1515625 0.1796875
0 0.08203125 0.0453125 0.1640625 0.08984375
0 0.38515625 0.071875 0.071875 0.0828125
0 0.96875 0.24375 0.0625 0.21875
0 0.36328125 0.0171875 0.0796875 0.03359375
0 0.2953125 0.0953125 0.096875 0.11953125
0 0.58359375 0.09609375 0.18046875 0.1859375
0 0.26953125 0.0109375 0.0765625 0.021875