0 0.22109375 0.58828125 0.2609375 0.39140625
0 0.7328125 0.259375 0.146875 0.26796875
0 0.50703125 0.31875 0.1640625 0.24609375
0 0.8921875 0.54140625 0.15078125 0.2171875
0 0.6484375 0.60625 0.128125 0.18359375
0 0.50703125 0.8453125 0.10234375 0.2546875
0 0.2984375 0.23125 0.11484375 0.2234375
0 0.690625 0.078125 0.1078125 0.15234375
0 0.1609375 0.30390625 0.10625 0.17578125
0 0.30859375 0.70625 0.07109375 0.121875
0 0.59921875 0.8484375 0.08125 0.1703125
0 0.48203125 0.690625 0.090625 0.109375
0 0.54140625 0.16328125 0.04609375 0.1203125
0 0.28671875 0.12109375 0.06015625 0.06640625