0 0.6546875 0.5640625 0.0046875 0.05390625
0 0.44453125 0.475 0.7375 0.8953125
0 0.415625 0.22578125 0.18515625 0.33515625
0 0.21640625 0.6015625 0.18984375 0.234375
0 0.06328125 0.7125 0.125 0.1890625
0 0.36484375 0.296875 0.0828125 0.190625
0 0.03515625 0.3953125 0.06953125 0.165625
0 0.0296875 0.56328125 0.059375 0.0828125
0 0.28125 0.51953125 0.09453125 0.11875
0 0.4703125 0.0640625 0.31328125 0.12109375
0 0.028125 0.6703125 0.05078125 0.07578125
0 0.95 0.078125 0.096875 0.15078125
0 0.2546875 0.38046875 0.11171875 0.13828125