0 0.953125 0.10703125 0.0828125 0.21015625
0 0.05390625 0.234375 0.1 0.45546875
0 0.1578125 0.54375 0.18828125 0.05859375
0 0.16171875 0.93828125 0.25234375 0.11171875
0 0.43125 0.7453125 0.06953125 0.08671875
0 0.6515625 0.08984375 0.27734375 0.17265625
0 0.190625 0.7078125 0.21484375 0.1578125
0 0.1921875 0.14453125 0.21015625 0.2890625
0 0.3984375 0.478125 0.0625 0.14375
0 0.5109375 0.49921875 0.97734375 0.98671875
0 0.81328125 0.30234375 0.1140625 0.12421875
0 0.425 0.11875 0.06171875 0.23359375
0 0.0828125 0.04296875 0.03046875 0.0578125
0 0.575 0.28671875 0.05390625 0.103125
0 0.86484375 0.27734375 0.01484375 0.01640625