0 0.5 0.521875 1 0.95625
0 0.0578125 0.609375 0.11484375 0.4828125
0 0.24375 0.16640625 0.103125 0.3328125
0 0.06484375 0.25234375 0.08203125 0.30625
0 0.26484375 0.75 0.15546875 0.5
0 0.78359375 0.13125 0.0828125 0.2625
0 0.5 0.13125 0.090625 0.2625
0 0.19609375 0.2671875 0.03671875 0.1765625
0 0.5 0.50859375 1 0.9828125
0 0.9890625 0.0703125 0.02109375 0.140625
0 0.18203125 0.03046875 0.1515625 0.0609375
0 0.70859375 0.065625 0.075 0.13125
0 0.64921875 0.28125 0.10390625 0.22578125
0 0.5671875 0.0171875 0.05 0.034375