0 0.49609375 0.4859375 0.96015625 0.94296875
0 0.2828125 0.57109375 0.159375 0.07734375
0 0.91328125 0.17265625 0.171875 0.11484375
0 0.3875 0.16171875 0.20703125 0.121875
0 0.0921875 0.225 0.175 0.08125
0 0.66953125 0.0578125 0.14765625 0.1140625
0 0.67421875 0.21171875 0.20703125 0.06328125
0 0.740625 0.2953125 0.2296875 0.1484375
0 0.13828125 0.94609375 0.22109375 0.0953125
0 0.171875 0.37734375 0.17421875 0.12421875
0 0.40546875 0.29921875 0.1921875 0.1375
0 0.20234375 0.03125 0.1140625 0.0625
0 0.14296875 0.13515625 0.128125 0.0609375
0 0.15390625 0.83359375 0.16875 0.1109375
0 0.39765625 0.08359375 0.1390625 0.04609375
0 0.28828125 0.2359375 0.0640625 0.11484375
0 0.02734375 0.3921875 0.0546875 0.0890625
0 0.1078125 0.7703125 0.03359375 0.02109375
0 0.39140625 0.9265625 0.053125 0.0359375
0 0.28359375 0.65078125 0.10234375 0.10078125
0 0.2578125 0.775 0.08125 0.0484375
0 0.371875 0.9640625 0.11640625 0.06640625