0 0.5 0.5484375 1 0.903125
0 0.92109375 0.6625 0.1578125 0.4828125
0 0.7109375 0.21171875 0.10625 0.3546875
0 0.89296875 0.3046875 0.08203125 0.30625
0 0.69296875 0.77578125 0.1546875 0.4484375
0 0.17265625 0.1578125 0.0828125 0.315625
0 0.45703125 0.1578125 0.090625 0.315625
0 0.7609375 0.3203125 0.03671875 0.1765625
0 0.5 0.53515625 1 0.9296875
0 0.77421875 0.05703125 0.15234375 0.1140625
0 0.246875 0.1125 0.07578125 0.14765625
0 0.3078125 0.33359375 0.10390625 0.22578125
0 0.3890625 0.04375 0.05078125 0.0875