0 0.5 0.49375 1 0.9875
0 0.25703125 0.575 0.17109375 0.0828125
0 0.9203125 0.14453125 0.15859375 0.125
0 0.3703125 0.134375 0.2234375 0.13125
0 0.0703125 0.20078125 0.140625 0.0890625
0 0.67265625 0.040625 0.1578125 0.08125
0 0.67890625 0.18828125 0.22265625 0.06796875
0 0.75 0.278125 0.246875 0.159375
0 0.10859375 0.96171875 0.2171875 0.0734375
0 0.13828125 0.36640625 0.1875 0.13359375
0 0.38984375 0.2828125 0.20703125 0.14765625
0 0.16796875 0.0140625 0.1234375 0.02734375
0 0.10703125 0.10625 0.1375 0.065625
0 0.11875 0.85625 0.18203125 0.11875
0 0.38125 0.05078125 0.15 0.04921875
0 0.26328125 0.21484375 0.06875 0.1234375
0 0.00625 0.38125 0.01171875 0.09765625
0 0.06875 0.78828125 0.0359375 0.02265625
0 0.37421875 0.95625 0.05703125 0.03828125
0 0.2578125 0.66015625 0.11015625 0.10859375
0 0.23046875 0.79296875 0.0875 0.05234375
0 0.35 0.98046875 0.1234375 0.0390625