0 0.47109375 0.5 0.93515625 1
0 0.7421875 0.25234375 0.0171875 0.18515625
0 0.1453125 0.740625 0.13671875 0.1921875
0 0.6765625 0.44765625 0.01953125 0.02890625
0 0.5578125 0.13984375 0.1328125 0.24609375
0 0.04609375 0.3015625 0.09140625 0.09765625
0 0.31640625 0.44765625 0.08125 0.07265625
0 0.47578125 0.42734375 0.03515625 0.053125
0 0.1796875 0.925 0.22109375 0.14921875
0 0.409375 0.5984375 0.04609375 0.0421875
0 0.20234375 0.5078125 0.1296875 0.13046875
0 0.58203125 0.45390625 0.028125 0.0390625
0 0.50625 0.078125 0.0375 0.09921875
0 0.1578125 0.6203125 0.04453125 0.0296875
0 0.1375 0.475 0.0546875 0.06640625
0 0.5 0.0203125 0.08359375 0.03984375
0 0.71796875 0.1140625 0.18046875 0.11328125