0 0.1234375 0.78671875 0.17109375 0.315625
0 0.07890625 0.67890625 0.06171875 0.08515625
0 0.2265625 0.471875 0.1890625 0.328125
0 0.03359375 0.47265625 0.0671875 0.18671875
0 0.4640625 0.6484375 0.06171875 0.0859375
0 0.15 0.4796875 0.03671875 0.05625
0 0.0359375 0.9609375 0.07109375 0.078125
0 0.475 0.3265625 0.1015625 0.17890625
0 0.9921875 0.51484375 0.015625 0.03046875
0 0.45 0.3671875 0.0203125 0.2046875
0 0.6078125 0.4265625 0.01484375 0.01953125
0 0.15234375 0.6328125 0.0328125 0.0984375
0 0.3609375 0.23203125 0.0375 0.0390625
0 0.3171875 0.3328125 0.09140625 0.115625
0 0.5859375 0.42421875 0.01328125 0.021875
0 0.8265625 0.25625 0.02109375 0.0484375
0 0.4734375 0.52421875 0.0234375 0.03203125
0 0.346875 0.9078125 0.025 0.03671875
0 0.98359375 0.3640625 0.0328125 0.15
0 0.57578125 0.15703125 0.04296875 0.02734375
0 0.2546875 0.2 0.05703125 0.04765625
0 0.5 0.56328125 1 0.8734375
0 0.4453125 0.86640625 0.02734375 0.0359375
0 0.74296875 0.28671875 0.05234375 0.04296875
0 0.8828125 0.1078125 0.02578125 0.03984375
0 0.31875 0.096875 0.02421875 0.03125
0 0.5890625 0.00625 0.01953125 0.01171875
0 0.63515625 0.01171875 0.0234375 0.0234375
0 0.5015625 0.1375 0.0203125 0.0453125
0 0.71953125 0.04765625 0.04140625 0.090625
0 0.89296875 0.02109375 0.0234375 0.0421875
0 0.96796875 0.0609375 0.0328125 0.03515625
0 0.08984375 0.11796875 0.12890625 0.12421875
0 0.42890625 0.1765625 0.02109375 0.03359375
0 0.00625 0.078125 0.01171875 0.0359375
0 0.7265625 0.17109375 0.04296875 0.07421875
0 0.296875 0.9453125 0.14375 0.109375