0 0.046875 0.8265625 0.0859375 0.14609375
0 0.8765625 0.86484375 0.23515625 0.24765625
0 0.1453125 0.7421875 0.28125 0.4046875
0 0.3 0.496875 0.0875 0.22734375
0 0.94765625 0.33203125 0.10390625 0.134375
0 0.76171875 0.50234375 0.10703125 0.18984375
0 0.553125 0.940625 0.20390625 0.115625
0 0.90703125 0.603125 0.06796875 0.13515625
0 0.4609375 0.53125 0.15234375 0.2234375
0 0.1015625 0.5171875 0.14609375 0.1609375
0 0.60546875 0.85390625 0.0484375 0.08203125
0 0.4578125 0.77578125 0.09140625 0.09921875
0 0.78984375 0.80703125 0.0734375 0.0828125
0 0.325 0.22265625 0.1125 0.2140625
0 0.8703125 0.24140625 0.0703125 0.059375
0 0.45546875 0.96171875 0.0828125 0.07265625
0 0.12578125 0.2359375 0.06015625 0.15859375
0 0.57890625 0.2640625 0.11328125 0.1453125
0 0.4390625 0.31015625 0.0890625 0.08359375
0 0.71171875 0.70546875 0.05859375 0.06953125
0 0.76484375 0.33359375 0.09609375 0.15546875
0 0.64765625 0.6078125 0.06875 0.0875
0 0.23046875 0.15078125 0.071875 0.11171875
0 0.42109375 0.1421875 0.05390625 0.08046875
0 0.60625 0.12890625 0.09453125 0.08515625
0 0.03671875 0.18671875 0.0703125 0.14140625
0 0.88359375 0.38828125 0.02421875 0.0796875
0 0.80703125 0.05703125 0.075 0.1140625
0 0.68203125 0.4109375 0.071875 0.115625
0 0.48125 0.103125 0.071875 0.153125
0 0.784375 0.96171875 0.05625 0.0765625
0 0.9828125 0.6765625 0.034375 0.071875