0 0.7265625 0.80234375 0.52421875 0.38203125
0 0.84921875 0.1828125 0.2765625 0.36171875
0 0.18671875 0.165625 0.36015625 0.3265625
0 0.14609375 0.528125 0.2875 0.4015625
0 0.934375 0.5875 0.13125 0.1453125
0 0.0265625 0.41015625 0.02578125 0.02109375
0 0.70625 0.6234375 0.14296875 0.1265625
0 0.50859375 0.815625 0.1796875 0.2125
0 0.55859375 0.56328125 0.03203125 0.0359375
0 0.59609375 0.05 0.09765625 0.05234375
0 0.75078125 0.171875 0.08984375 0.12109375
0 0.1609375 0.93828125 0.13828125 0.09296875
0 0.0453125 0.55625 0.08984375 0.11484375
0 0.6140625 0.33359375 0.16171875 0.13046875
0 0.05078125 0.44375 0.05234375 0.03203125
0 0.4671875 0.54140625 0.05390625 0.09921875
0 0.0234375 0.94453125 0.046875 0.0546875
0 0.55390625 0.65546875 0.1484375 0.10078125
0 0.12265625 0.04609375 0.04765625 0.02890625
0 0.03515625 0.27421875 0.0703125 0.1078125
0 0.36953125 0.0328125 0.0453125 0.065625
0 0.99375 0.0515625 0.0125 0.034375