0 0.503125 0.11875 0.10234375 0.0546875
0 0.54609375 0.21953125 0.1046875 0.18359375
0 0.959375 0.28828125 0.02109375 0.03203125
0 0.359375 0.61875 0.0125 0.0109375
0 0.19609375 0.5734375 0.0109375 0.0078125
0 0.67265625 0.3671875 0.01171875 0.0125
0 0.31953125 0.3703125 0.16640625 0.13046875
0 0.5734375 0.559375 0.0125 0.01171875
0 0.44765625 0.13828125 0.05 0.0609375
0 0.21796875 0.14296875 0.0609375 0.03984375
0 0.60625 0.1328125 0.02734375 0.04765625
0 0.31953125 0.265625 0.0890625 0.09140625
0 0.81953125 0.45703125 0.01015625 0.009375
0 0.6296875 0.59921875 0.3 0.78828125
0 0.3125 0.11953125 0.08515625 0.04765625
0 0.5546875 0.58125 0.01015625 0.01171875
0 0.7828125 0.18984375 0.0765625 0.0875
0 0.075 0.353125 0.05703125 0.06953125
0 0.12421875 0.44453125 0.03671875 0.0296875
0 0.23671875 0.446875 0.06328125 0.0203125
0 0.37890625 0.2203125 0.02109375 0.025
0 0.37890625 0.659375 0.0421875 0.0296875
0 0.27734375 0.53359375 0.02421875 0.015625
0 0.14609375 0.34296875 0.134375 0.0625
0 0.86796875 0.425 0.06953125 0.03125
0 0.70078125 0.13671875 0.10234375 0.040625
0 0.33671875 0.1859375 0.0234375 0.03046875
0 0.14921875 0.1984375 0.0578125 0.0625
0 0.44609375 0.6265625 0.0140625 0.0125
0 0.834375 0.49375 0.01796875 0.0171875
0 0.7328125 0.384375 0.13125 0.06875
0 0.2828125 0.6 0.02421875 0.01875
0 0.68046875 0.521875 0.01328125 0.01640625
0 0.84296875 0.34375 0.01796875 0.0140625
0 0.94453125 0.36640625 0.0359375 0.05703125
0 0.16171875 0.4515625 0.06953125 0.03046875
0 0.9125 0.32109375 0.05390625 0.0234375
0 0.6625 0.30390625 0.03203125 0.02890625