0 0.4953125 0.49609375 0.990625 0.9921875
0 0.93984375 0.446875 0.00703125 0.00859375
0 0.253125 0.81875 0.00703125 0.00859375
0 0.04765625 0.67890625 0.0078125 0.009375
0 0.33203125 0.225 0.01328125 0.0125
0 0.8703125 0.4703125 0.0109375 0.0109375
0 0.3828125 0.21015625 0.01328125 0.0140625
0 0.53046875 0.134375 0.015625 0.01484375
0 0.05546875 0.61171875 0.01171875 0.0125
0 0.26953125 0.60703125 0.00859375 0.0125
0 0.29375 0.10703125 0.0140625 0.015625
0 0.86484375 0.31796875 0.246875 0.059375
0 0.04609375 0.23828125 0.009375 0.0109375
0 0.1515625 0.15703125 0.0125 0.01640625
0 0.54453125 0.38125 0.07421875 0.07578125
0 0.225 0.17421875 0.01484375 0.0203125
0 0.7625 0.12265625 0.18671875 0.1125
0 0.0578125 0.7171875 0.115625 0.021875
0 0.36015625 0.08984375 0.02109375 0.02578125
0 0.25546875 0.85546875 0.01171875 0.015625
0 0.66796875 0.2859375 0.03984375 0.04609375
0 0.08359375 0.78203125 0.16640625 0.02734375
0 0.7359375 0.240625 0.02421875 0.0328125
0 0.95625 0.065625 0.01171875 0.015625
0 0.296875 0.26015625 0.01015625 0.015625
0 0.315625 0.1609375 0.0265625 0.03359375
0 0.35234375 0.28515625 0.1671875 0.1703125
0 0.43125 0.00703125 0.02734375 0.0140625
0 0.15859375 0.35703125 0.159375 0.05625
0 0.07734375 0.94375 0.15390625 0.1
0 0.45078125 0.68203125 0.034375 0.10703125
0 0.253125 0.12421875 0.0265625 0.03984375
0 0.203125 0.02578125 0.17421875 0.05078125
0 0.25625 0.2 0.03359375 0.05546875
0 0.18515625 0.215625 0.02109375 0.0375
0 0.30078125 0.98359375 0.0515625 0.0328125