0 0.4984375 0.5046875 0.98515625 0.96796875
0 0.4015625 0.18671875 0.0125 0.0171875
0 0.7078125 0.1125 0.0484375 0.04765625
0 0.18203125 0.32109375 0.1875 0.18203125
0 0.146875 0.62578125 0.29296875 0.35625
0 0.2234375 0.09375 0.22890625 0.08515625
0 0.50234375 0.05390625 0.06328125 0.0390625
0 0.4390625 0.021875 0.0109375 0.0125
0 0.89765625 0.103125 0.203125 0.2
0 0.6234375 0.071875 0.05703125 0.06015625
0 0.2515625 0.03671875 0.0171875 0.01875
0 0.02109375 0.0234375 0.040625 0.0453125
0 0.8140625 0.03828125 0.0625 0.07578125
0 0.95 0.06328125 0.09453125 0.03515625
0 0.04921875 0.1765625 0.0921875 0.259375
0 0.52421875 0.01796875 0.053125 0.0359375
0 0.953125 0.009375 0.090625 0.01875
0 0.0203125 0.6125 0.0390625 0.125
0 0.1484375 0.01875 0.071875 0.0375
0 0.05390625 0.11875 0.0640625 0.034375