0 0.503125 0.4859375 0.96953125 0.9484375
0 0.90859375 0.53125 0.16484375 0.228125
0 0.2484375 0.07734375 0.21484375 0.13359375
0 0.72578125 0.278125 0.1453125 0.325
0 0.56796875 0.2765625 0.0609375 0.3859375
0 0.9484375 0.19921875 0.01796875 0.01328125
0 0.8640625 0.91484375 0.2625 0.16953125
0 0.453125 0.1265625 0.10859375 0.1890625
0 0.06484375 0.29453125 0.034375 0.034375
0 0.22265625 0.35625 0.05390625 0.03046875
0 0.91796875 0.14375 0.16015625 0.2828125
0 0.86328125 0.8375 0.02109375 0.0203125
0 0.0328125 0.10078125 0.065625 0.1671875
0 0.97890625 0.77265625 0.0421875 0.109375
0 0.971875 0.7578125 0.01328125 0.01171875
0 0.828125 0.78984375 0.00859375 0.009375