0 0.5484375 0.353125 0.0078125 0.00859375
0 0.5015625 0.50078125 0.9703125 0.96796875
0 0.259375 0.61875 0.01875 0.01796875
0 0.53046875 0.0875 0.0078125 0.009375
0 0.4828125 0.815625 0.00703125 0.009375
0 0.19375 0.80546875 0.0125 0.0125
0 0.20234375 0.2203125 0.01015625 0.01328125
0 0.0921875 0.69296875 0.009375 0.0109375
0 0.26953125 0.4171875 0.01640625 0.01796875
0 0.46875 0.9828125 0.009375 0.0109375
0 0.0625 0.93828125 0.0078125 0.00859375
0 0.1671875 0.3078125 0.0078125 0.01015625
0 0.29609375 0.265625 0.02109375 0.05234375
0 0.915625 0.13515625 0.009375 0.028125
0 0.021875 0.82890625 0.01328125 0.0125
0 0.24375 0.12890625 0.0203125 0.01953125
0 0.24140625 0.89765625 0.015625 0.01796875
0 0.3328125 0.84296875 0.021875 0.02265625
0 0.0484375 0.0703125 0.01640625 0.0140625
0 0.353125 0.128125 0.009375 0.0109375
0 0.44765625 0.1796875 0.0125 0.01328125
0 0.078125 0.065625 0.1546875 0.1265625
0 0.12109375 0.8375 0.0171875 0.01953125
0 0.58046875 0.1578125 0.23046875 0.28125
0 0.06171875 0.04453125 0.1 0.01640625
0 0.45625 0.78671875 0.02578125 0.0328125
0 0.28984375 0.0390625 0.109375 0.0484375
0 0.54765625 0.18671875 0.01875 0.0796875
0 0.4 0.2703125 0.0265625 0.02734375
0 0.271875 0.5625 0.06484375 0.0546875
0 0.75859375 0.46953125 0.02578125 0.0234375
0 0.5078125 0.02265625 0.08984375 0.040625
0 0.278125 0.9703125 0.021875 0.059375
0 0.89140625 0.1859375 0.184375 0.06953125
0 0.6265625 0.0265625 0.11953125 0.04765625
0 0.021875 0.21171875 0.02421875 0.14765625
0 0.0203125 0.6234375 0.040625 0.06015625
0 0.0203125 0.55 0.034375 0.0296875
0 0.1265625 0.8609375 0.0515625 0.0609375
0 0.07421875 0.88203125 0.03984375 0.0484375
0 0.834375 0.02734375 0.215625 0.046875
0 0.22265625 0.015625 0.06953125 0.01640625
0 0.07578125 0.94609375 0.1453125 0.1078125
0 0.31875 0.9421875 0.04140625 0.0359375
0 0.9359375 0.30546875 0.128125 0.1859375
0 0.22421875 0.96015625 0.03046875 0.07734375