0 0.4921875 0.46484375 0.9015625 0.896875
0 0.4 0.74609375 0.07421875 0.10078125
0 0.49609375 0.06875 0.01484375 0.0125
0 0.41171875 0.20234375 0.07734375 0.23984375
0 0.15390625 0.37890625 0.2359375 0.55546875
0 0.80859375 0.17890625 0.0875 0.071875
0 0.6109375 0.1125 0.0796875 0.11640625
0 0.884375 0.26796875 0.10625 0.115625
0 0.57890625 0.17109375 0.0234375 0.02109375
0 0.1546875 0.2828125 0.10390625 0.08046875
0 0.91171875 0.4 0.0578125 0.0515625
0 0.04375 0.359375 0.01875 0.0359375
0 0.6296875 0.340625 0.01640625 0.0234375
0 0.66640625 0.303125 0.02734375 0.0359375
0 0.51875 0.025 0.16796875 0.02890625
0 0.6390625 0.41640625 0.01875 0.01875
0 0.059375 0.428125 0.04921875 0.25
0 0.2125 0.17109375 0.05625 0.0625