0 0.5 0.5 1 1
0 0.4046875 0.175 0.0125 0.01796875
0 0.72578125 0.096875 0.05078125 0.05
0 0.175 0.315625 0.19609375 0.190625
0 0.1453125 0.634375 0.28984375 0.3734375
0 0.21796875 0.07734375 0.240625 0.0890625
0 0.5109375 0.0359375 0.06640625 0.040625
0 0.44375 0.00390625 0.01171875 0.0078125
0 0.90859375 0.09609375 0.1828125 0.1921875
0 0.6375 0.05390625 0.06015625 0.0625
0 0.246875 0.0171875 0.01796875 0.01953125
0 0.01328125 0.01328125 0.0265625 0.0265625
0 0.83671875 0.02890625 0.0640625 0.05703125
0 0.96484375 0.04453125 0.0703125 0.0359375
0 0.0421875 0.1640625 0.08359375 0.271875
0 0.53203125 0.00703125 0.0546875 0.0140625
0 0.0125 0.62109375 0.02421875 0.13125
0 0.13828125 0.0078125 0.0734375 0.015625
0 0.03984375 0.103125 0.0671875 0.0359375