0 0.5 0.496875 1 0.99296875
0 0.24921875 0.275 0.0140625 0.01484375
0 0.20625 0.16171875 0.01484375 0.01484375
0 0.640625 0.45390625 0.009375 0.01171875
0 0.22890625 0.40546875 0.00859375 0.01015625
0 0.72109375 0.3453125 0.0078125 0.00859375
0 0.99453125 0.0734375 0.009375 0.01015625
0 0.84609375 0.11875 0.09296875 0.13671875
0 0.25078125 0.58203125 0.0109375 0.0109375
0 0.075 0.2171875 0.02109375 0.0171875
0 0.84296875 0.06953125 0.03203125 0.04140625
0 0.12734375 0.53828125 0.01796875 0.0125
0 0.06875 0.125 0.015625 0.0171875
0 0.06875 0.8796875 0.1375 0.0578125
0 0.62578125 0.29609375 0.084375 0.05703125
0 0.48046875 0.27421875 0.04140625 0.04296875
0 0.0390625 0.16640625 0.01328125 0.01328125
0 0.959375 0.2515625 0.01015625 0.0109375
0 0.246875 0.29375 0.0421875 0.053125
0 0.4234375 0.078125 0.109375 0.15625
0 0.4890625 0.46171875 0.0359375 0.03046875
0 0.99296875 0.15 0.01171875 0.0109375
0 0.7078125 0.41953125 0.04453125 0.0375
0 0.50234375 0.36484375 0.1015625 0.0828125
0 0.24609375 0.08671875 0.14140625 0.16640625
0 0.265625 0.615625 0.1796875 0.134375
0 0.4484375 0.51484375 0.028125 0.04765625
0 0.03125 0.12578125 0.01015625 0.01015625
0 0.41640625 0.7578125 0.05625 0.0453125
0 0.16875 0.571875 0.06875 0.0453125
0 0.0328125 0.0328125 0.03125 0.03515625
0 0.12421875 0.9390625 0.021875 0.0203125