0 0.5046875 0.49375 0.97421875 0.9765625
0 0.475 0.3015625 0.31796875 0.16171875
0 0.06640625 0.7671875 0.1328125 0.03046875
0 0.1828125 0.33515625 0.22734375 0.228125
0 0.2296875 0.0375 0.0171875 0.02734375
0 0.3609375 0.03515625 0.19140625 0.0703125
0 0.059375 0.44765625 0.0390625 0.04453125
0 0.55703125 0.159375 0.02109375 0.01953125
0 0.02890625 0.2015625 0.0578125 0.0796875
0 0.115625 0.215625 0.02109375 0.02109375
0 0.43125 0.6859375 0.04765625 0.040625
0 0.14921875 0.95390625 0.2078125 0.0921875
0 0.10234375 0.8890625 0.2046875 0.06875
0 0.10234375 0.5796875 0.03828125 0.0359375
0 0.7203125 0.09765625 0.15 0.19453125
0 0.27421875 0.02109375 0.06875 0.04140625
0 0.20625 0.00234375 0.0125 0.0046875
0 0.02890625 0.6703125 0.0578125 0.0171875
0 0.03671875 0.1484375 0.0140625 0.025
0 0.28984375 0.8390625 0.05234375 0.0453125
0 0.67890625 0.1203125 0.0171875 0.02265625
0 0.12265625 0.08125 0.0703125 0.08359375
0 0.9734375 0.3109375 0.05078125 0.04453125