0 0.49296875 0.50546875 0.9796875 0.98515625
0 0.45703125 0.07421875 0.0203125 0.021875
0 0.6765625 0.303125 0.02109375 0.0234375
0 0.60078125 0.16171875 0.02109375 0.02265625
0 0.62421875 0.36484375 0.10859375 0.09921875
0 0.66328125 0.28046875 0.01796875 0.02109375
0 0.68671875 0.18515625 0.02109375 0.0203125
0 0.16015625 0.5328125 0.2671875 0.2046875
0 0.33125 0.259375 0.034375 0.03359375
0 0.7359375 0.278125 0.02890625 0.0234375
0 0.8203125 0.3484375 0.03203125 0.03125
0 0.0265625 0.659375 0.01953125 0.021875
0 0.175 0.2625 0.046875 0.04765625
0 0.12265625 0.8640625 0.0171875 0.02109375
0 0.0578125 0.365625 0.02578125 0.025
0 0.24609375 0.28046875 0.03984375 0.02578125
0 0.90078125 0.09765625 0.02265625 0.021875
0 0.0078125 0.5875 0.015625 0.0203125
0 0.4296875 0.90546875 0.021875 0.02421875
0 0.75625 0.25234375 0.0234375 0.025
0 0.2703125 0.315625 0.02734375 0.02421875
0 0.27734375 0.73828125 0.05390625 0.03203125
0 0.409375 0.215625 0.0359375 0.040625
0 0.95703125 0.0984375 0.02421875 0.0265625
0 0.00546875 0.5390625 0.0109375 0.0203125
0 0.44765625 0.02421875 0.03046875 0.0296875
0 0.16875 0.74921875 0.01875 0.02109375
0 0.4625 0.94765625 0.021875 0.02578125
0 0.03203125 0.21171875 0.02734375 0.021875
0 0.30859375 0.9671875 0.0234375 0.0234375
0 0.021875 0.49375 0.02265625 0.0203125
0 0.253125 0.96875 0.01875 0.02109375
0 0.02890625 0.2546875 0.0578125 0.046875