0 0.165625 0.31875 0.18828125 0.2375
0 0.484375 0.32578125 0.92265625 0.6515625
0 0.3640625 0.134375 0.05078125 0.23203125
0 0.77109375 0.12734375 0.04140625 0.14921875
0 0.66640625 0.0640625 0.0546875 0.10546875
0 0.0546875 0.42578125 0.0921875 0.28828125
0 0.2265625 0.10625 0.109375 0.08359375
0 0.23203125 0.71796875 0.06484375 0.0890625
0 0.4078125 0.01328125 0.1125 0.0265625
0 0.8328125 0.10625 0.11015625 0.1171875
0 0.3734375 0.3828125 0.0984375 0.20625
0 0.30703125 0.58125 0.04140625 0.06484375
0 0.61328125 0.18046875 0.06015625 0.06640625