0 0.4953125 0.49140625 0.9828125 0.98046875
0 0.31953125 0.52890625 0.15859375 0.5328125
0 0.7125 0.10859375 0.01328125 0.0109375
0 0.69609375 0.146875 0.01484375 0.0125
0 0.46875 0.0765625 0.0109375 0.0109375
0 0.259375 0.16484375 0.00859375 0.0078125
0 0.69140625 0.090625 0.00859375 0.009375
0 0.76796875 0.20625 0.1296875 0.1171875
0 0.04609375 0.93125 0.08984375 0.13671875
0 0.9640625 0.1078125 0.009375 0.00859375
0 0.56875 0.04375 0.01015625 0.009375
0 0.4625 0.1578125 0.08046875 0.15390625
0 0.16171875 0.81640625 0.03359375 0.0671875
0 0.2125 0.9390625 0.1 0.109375
0 0.1125 0.64140625 0.0171875 0.01796875
0 0.740625 0.0125 0.0625 0.02421875
0 0.39921875 0.08125 0.02265625 0.0203125
0 0.96953125 0.303125 0.05546875 0.0578125
0 0.0390625 0.22265625 0.0109375 0.0109375
0 0.82265625 0.02265625 0.0859375 0.0453125
0 0.49296875 0.01171875 0.0703125 0.02109375
0 0.08203125 0.015625 0.01640625 0.01875
0 0.240625 0.16640625 0.0125 0.015625
0 0.53125 0.10078125 0.025 0.01953125
0 0.3296875 0.34609375 0.08671875 0.134375
0 0.0453125 0.8015625 0.04375 0.06875
0 0.05859375 0.31640625 0.01640625 0.01640625
0 0.04453125 0.0203125 0.0109375 0.01171875
0 0.134375 0.6265625 0.08984375 0.06796875
0 0.4265625 0.46484375 0.0125 0.0265625
0 0.0734375 0.7203125 0.05703125 0.053125
0 0.57109375 0.35078125 0.05625 0.059375
0 0.86796875 0.07421875 0.01796875 0.0171875
0 0.028125 0.59296875 0.05625 0.115625
0 0.08203125 0.36015625 0.02109375 0.0203125
0 0.2671875 0.19765625 0.05546875 0.103125
0 0.934375 0.06171875 0.040625 0.0375
0 0.9875 0.04609375 0.025 0.0890625
0 0.24375 0.03359375 0.0640625 0.06640625