0 0.50078125 0.49609375 0.98515625 0.9828125
0 0.54609375 0.16328125 0.00859375 0.009375
0 0.75625 0.07265625 0.00859375 0.00859375
0 0.478125 0.13203125 0.009375 0.0109375
0 0.453125 0.06484375 0.00703125 0.0078125
0 0.75234375 0.36015625 0.00703125 0.00859375
0 0.2484375 0.94296875 0.01171875 0.0109375
0 0.1859375 0.76640625 0.01484375 0.0140625
0 0.65625 0.221875 0.02265625 0.0171875
0 0.1765625 0.67265625 0.01796875 0.01640625
0 0.1 0.6359375 0.01875 0.01796875
0 0.3421875 0.175 0.08515625 0.28046875
0 0.5671875 0.45859375 0.028125 0.01875
0 0.1453125 0.21171875 0.1140625 0.19453125
0 0.1578125 0.765625 0.015625 0.0140625
0 0.2359375 0.6609375 0.0109375 0.01171875
0 0.30234375 0.571875 0.18984375 0.3375
0 0.74765625 0.0421875 0.009375 0.00859375
0 0.94296875 0.31640625 0.01171875 0.0125
0 0.2203125 0.61171875 0.0109375 0.01171875
0 0.22109375 0.7375 0.04375 0.02578125
0 0.26953125 0.6984375 0.01328125 0.0125
0 0.70625 0.07265625 0.03671875 0.025
0 0.22890625 0.80546875 0.03671875 0.02109375
0 0.12109375 0.696875 0.0125 0.0140625
0 0.55078125 0.00859375 0.1875 0.0171875
0 0.9609375 0.24921875 0.02734375 0.02109375
0 0.2125 0.1078125 0.0078125 0.015625
0 0.39765625 0.459375 0.0875 0.065625
0 0.76640625 0.02734375 0.02421875 0.04765625
0 0.803125 0.05703125 0.22265625 0.1078125
0 0.74140625 0.428125 0.08125 0.015625
0 0.259375 0.26796875 0.021875 0.025
0 0.21484375 0.9640625 0.14453125 0.07109375
0 0.58046875 0.2578125 0.0421875 0.03984375
0 0.46328125 0.2484375 0.02890625 0.03984375
0 0.1234375 0.0484375 0.0328125 0.090625
0 0.06953125 0.90703125 0.0984375 0.17578125
0 0.2671875 0.01015625 0.0890625 0.01953125
0 0.440625 0.32109375 0.05078125 0.0609375
0 0.015625 0.56328125 0.02421875 0.02109375
0 0.92890625 0.0171875 0.06171875 0.03359375
0 0.3921875 0.01640625 0.025 0.015625
0 0.9203125 0.4109375 0.0328125 0.0234375
0 0.9921875 0.2109375 0.01484375 0.0828125
0 0.0578125 0.128125 0.05390625 0.04375
0 0.884375 0.36796875 0.04921875 0.034375
0 0.00625 0.4640625 0.0109375 0.02890625