0 0.5015625 0.49375 0.996875 0.98671875
0 0.69765625 0.678125 0.0171875 0.0171875
0 0.61640625 0.60625 0.03203125 0.02890625
0 0.83984375 0.32734375 0.25078125 0.13515625
0 0.7125 0.86953125 0.09765625 0.10625
0 0.80390625 0.09765625 0.03203125 0.02890625
0 0.90703125 0.528125 0.1859375 0.134375
0 0.76953125 0.21640625 0.12421875 0.10703125
0 0.34140625 0.2 0.309375 0.21328125
0 0.6078125 0.90859375 0.0453125 0.03359375
0 0.61484375 0.0734375 0.01953125 0.02578125
0 0.03828125 0.121875 0.0734375 0.24375
0 0.94140625 0.6828125 0.1171875 0.36328125
0 0.7515625 0.05 0.03125 0.0296875