0 0.6 0.521875 0.8 0.9390625
0 0.93359375 0.50390625 0.13203125 0.11015625
0 0.88984375 0.16484375 0.1421875 0.10703125
0 0.7765625 0.28046875 0.23359375 0.15390625
0 0.71171875 0.06796875 0.2265625 0.115625
0 0.90390625 0.65390625 0.1328125 0.0359375
0 0.84765625 0.715625 0.21875 0.078125
0 0.9890625 0.5984375 0.021875 0.10859375
0 0.7203125 0.48203125 0.096875 0.07265625
0 0.7375 0.85859375 0.07109375 0.06953125
0 0.8234375 0.86875 0.02734375 0.02421875
0 0.89609375 0.79140625 0.025 0.05546875
0 0.78359375 0.80546875 0.03359375 0.046875
0 0.75390625 0.503125 0.015625 0.028125