0 0.5765625 0.33515625 0.00859375 0.00859375
0 0.50390625 0.5 0.99140625 1
0 0.26796875 0.61875 0.0203125 0.01953125
0 0.55703125 0.0515625 0.0078125 0.009375
0 0.50625 0.828125 0.0078125 0.01015625
0 0.1984375 0.81796875 0.01328125 0.01328125
0 0.20703125 0.19375 0.0109375 0.0140625
0 0.090625 0.69765625 0.01015625 0.0109375
0 0.27890625 0.40390625 0.0171875 0.01875
0 0.05859375 0.959375 0.00859375 0.009375
0 0.16953125 0.28671875 0.0078125 0.0109375
0 0.3078125 0.24140625 0.021875 0.05625
0 0.96875 0.10234375 0.01015625 0.03046875
0 0.01484375 0.84296875 0.0140625 0.01328125
0 0.2515625 0.0953125 0.021875 0.02109375
0 0.24921875 0.915625 0.01640625 0.01953125
0 0.346875 0.85703125 0.0234375 0.0234375
0 0.04375 0.0328125 0.0171875 0.01484375
0 0.36796875 0.0953125 0.01015625 0.01171875
0 0.46953125 0.15 0.01328125 0.01484375
0 0.078125 0.04765625 0.15625 0.0953125
0 0.1203125 0.8515625 0.01796875 0.02109375
0 0.61015625 0.13828125 0.246875 0.2765625
0 0.05703125 0.00703125 0.10703125 0.01328125
0 0.478125 0.79765625 0.02734375 0.03515625
0 0.3 0.0125 0.11640625 0.025
0 0.57578125 0.1578125 0.0203125 0.08515625
0 0.41875 0.246875 0.02890625 0.02890625
0 0.28125 0.55859375 0.06953125 0.05859375
0 0.80078125 0.459375 0.02734375 0.025
0 0.2875 0.98046875 0.021875 0.03828125
0 0.92109375 0.1546875 0.1578125 0.075
0 0.659375 0.00546875 0.128125 0.0109375
0 0.01484375 0.184375 0.02578125 0.15703125
0 0.0171875 0.621875 0.034375 0.065625
0 0.015625 0.54375 0.03125 0.03125
0 0.1265625 0.87734375 0.05546875 0.065625
0 0.0703125 0.89921875 0.04296875 0.05234375
0 0.88203125 0.00546875 0.2296875 0.0109375
0 0.075 0.9546875 0.15 0.08984375
0 0.33203125 0.96328125 0.04453125 0.03828125
0 0.9609375 0.28359375 0.078125 0.2
0 0.22890625 0.96953125 0.0328125 0.0609375