0 0.790625 0.18125 0.01171875 0.0125
0 0.496875 0.50703125 0.9828125 0.9640625
0 0.5625 0.26875 0.225 0.228125
0 0.4765625 0.30625 0.01640625 0.0171875
0 0.55 0.490625 0.00859375 0.01015625
0 0.71796875 0.05703125 0.01171875 0.0125
0 0.078125 0.3125 0.15234375 0.2234375
0 0.809375 0.284375 0.17265625 0.1921875
0 0.13203125 0.06484375 0.25625 0.1296875
0 0.915625 0.121875 0.0265625 0.05703125
0 0.12734375 0.73828125 0.225 0.20078125
0 0.29375 0.9484375 0.015625 0.00859375
0 0.40703125 0.10546875 0.09296875 0.11953125
0 0.38828125 0.58359375 0.0140625 0.01875
0 0.00625 0.35234375 0.0109375 0.01328125
0 0.19375 0.97109375 0.06484375 0.04921875
0 0.1328125 0.00390625 0.0109375 0.00703125
0 0.96171875 0.04375 0.07578125 0.08359375
0 0.01484375 0.6546875 0.02890625 0.10625