0 0.33984375 0.484375 0.1296875 0.6609375
0 0.5 0.5 1 1
0 0.61484375 0.365625 0.01171875 0.01328125
0 0.41015625 0.0234375 0.0109375 0.01484375
0 0.2515625 0.07890625 0.0125 0.0140625
0 0.3234375 0.0109375 0.0125 0.015625
0 0.08359375 0.825 0.01171875 0.01171875
0 0.47890625 0.41640625 0.01328125 0.01640625
0 0.11015625 0.67265625 0.01015625 0.01171875
0 0.29375 0.03515625 0.01484375 0.01875
0 0.759375 0.371875 0.0109375 0.01171875
0 0.17109375 0.86015625 0.01015625 0.01171875
0 0.31015625 0.196875 0.109375 0.271875
0 0.63828125 0.09765625 0.01328125 0.01875
0 0.040625 0.846875 0.01328125 0.0125
0 0.31953125 0.690625 0.01015625 0.009375
0 0.8046875 0.16953125 0.02734375 0.01796875
0 0.68125 0.10078125 0.109375 0.15390625
0 0.0625 0.38984375 0.12421875 0.21015625
0 0.83359375 0.371875 0.0171875 0.015625
0 0.1609375 0.98125 0.0390625 0.0375
0 0.0328125 0.296875 0.06484375 0.075
0 0.00703125 0.8328125 0.01328125 0.01328125
0 0.6515625 0.01796875 0.2046875 0.0359375
0 0.01328125 0.9171875 0.0265625 0.078125
0 0.05390625 0.209375 0.06640625 0.04375
0 0.8171875 0.1109375 0.06953125 0.05390625
0 0.11484375 0.01484375 0.16875 0.02890625