0 0.509375 0.29921875 0.03984375 0.2421875
0 0.6296875 0.36875 0.64921875 0.65
0 0.38515625 0.70546875 0.0484375 0.03046875
0 0.7671875 0.13671875 0.15 0.17890625
0 0.625 0.14765625 0.08671875 0.1265625
0 0.4453125 0.625 0.12109375 0.06328125
0 0.93671875 0.13515625 0.0203125 0.02890625
0 0.76484375 0.0421875 0.0625 0.0421875
0 0.30390625 0.60390625 0.07421875 0.1171875
0 0.240625 0.68671875 0.05078125 0.08984375
0 0.60234375 0.14140625 0.01171875 0.01953125
0 0.38203125 0.53203125 0.04921875 0.09609375
0 0.4421875 0.27890625 0.0421875 0.1015625
0 0.3953125 0.39609375 0.03984375 0.0640625
0 0.10078125 0.8859375 0.04765625 0.05546875
0 0.246875 0.784375 0.07578125 0.07578125