0 0.5 0.5 1 1
0 0.4125 0.37109375 0.08671875 0.603125
0 0.15546875 0.42734375 0.00703125 0.01015625
0 0.1 0.3015625 0.009375 0.009375
0 0.08203125 0.465625 0.1640625 0.21484375
0 0.52578125 0.059375 0.2859375 0.11875
0 0.12421875 0.73125 0.2484375 0.25
0 0.9296875 0.3328125 0.12421875 0.109375
0 0.14765625 0.01328125 0.05703125 0.02578125
0 0.0328125 0.97421875 0.065625 0.0515625
0 0.02265625 0.0734375 0.01171875 0.0203125
0 0.053125 0.02734375 0.05625 0.0546875
0 0.30859375 0.10859375 0.046875 0.05625
0 0.40234375 0.04375 0.0359375 0.04140625
0 0.21015625 0.0140625 0.02578125 0.02734375
0 0.0234375 0.1046875 0.02421875 0.03125