0 0.8 0.34921875 0.1796875 0.2265625
0 0.4953125 0.34140625 0.8796875 0.653125
0 0.6109375 0.1734375 0.0484375 0.22109375
0 0.22265625 0.16640625 0.03984375 0.1421875
0 0.32265625 0.10625 0.05234375 0.10078125
0 0.90546875 0.45078125 0.0875 0.275
0 0.74140625 0.146875 0.10390625 0.07890625
0 0.73671875 0.7296875 0.06171875 0.08515625
0 0.56875 0.04140625 0.10859375 0.059375
0 0.1640625 0.146875 0.1046875 0.11171875
0 0.60234375 0.41015625 0.09375 0.196875
0 0.66484375 0.59921875 0.03984375 0.06171875
0 0.37265625 0.21796875 0.05703125 0.06328125