0 0.6859375 0.215625 0.021875 0.01953125
0 0.54296875 0.2859375 0.01875 0.01640625
0 0.50703125 0.509375 0.98359375 0.965625
0 0.93984375 0.14765625 0.0171875 0.015625
0 0.796875 0.7859375 0.015625 0.0140625
0 0.86875 0.8484375 0.0109375 0.01484375
0 0.7796875 0.396875 0.01875 0.01484375
0 0.06484375 0.11953125 0.10234375 0.0734375
0 0.90546875 0.171875 0.01796875 0.015625
0 0.6203125 0.32890625 0.015625 0.0140625
0 0.0921875 0.07578125 0.00859375 0.00859375
0 0.11953125 0.03359375 0.009375 0.009375
0 0.78984375 0.53125 0.253125 0.18125
0 0.19296875 0.09921875 0.009375 0.00859375
0 0.63671875 0.11953125 0.01484375 0.015625
0 0.98671875 0.1265625 0.01953125 0.015625
0 0.98203125 0.29765625 0.0140625 0.01328125
0 0.48671875 0.17109375 0.25625 0.23359375
0 0.92109375 0.9234375 0.15703125 0.15234375
0 0.30703125 0.034375 0.103125 0.04765625
0 0.709375 0.89765625 0.0359375 0.02890625
0 0.97578125 0.87421875 0.01640625 0.0171875
0 0.47109375 0.0203125 0.07578125 0.0390625
0 0.15234375 0.009375 0.084375 0.01796875
0 0.984375 0.4921875 0.03125 0.15390625
0 0.01640625 0.2734375 0.0328125 0.16640625
0 0.3828125 0.01484375 0.03125 0.02890625
0 0.9890625 0.83984375 0.01875 0.02109375
0 0.6640625 0.9984375 0.08671875 0.003125
0 0.8859375 0.1890625 0.18828125 0.09921875