0 0.4953125 0.49296875 0.9859375 0.9828125
0 0.5546875 0.13828125 0.09453125 0.20625
0 0.3453125 0.371875 0.134375 0.5328125
0 0.89140625 0.096875 0.2171875 0.19375
0 0.18203125 0.159375 0.00859375 0.0078125
0 0.04375 0.5296875 0.009375 0.01015625
0 0.3703125 0.0609375 0.178125 0.11796875
0 0.80703125 0.35546875 0.01015625 0.0109375
0 0.16875 0.9265625 0.0109375 0.0125
0 0.22265625 0.12265625 0.00703125 0.009375
0 0.0421875 0.93671875 0.08359375 0.12578125
0 0.15 0.065625 0.040625 0.07109375
0 0.1390625 0.94375 0.01171875 0.01015625
0 0.14921875 0.2890625 0.01171875 0.01171875
0 0.71171875 0.02890625 0.14921875 0.0578125
0 0.4625 0.209375 0.01171875 0.01171875
0 0.2859375 0.27578125 0.04375 0.05625
0 0.1625 0.28203125 0.059375 0.0921875
0 0.10078125 0.15 0.06015625 0.09453125
0 0.6546875 0.0609375 0.0109375 0.0125
0 0.4953125 0.19609375 0.01328125 0.01171875
0 0.3328125 0.25078125 0.07109375 0.08359375
0 0.9953125 0.421875 0.009375 0.01640625
0 0.94375 0.309375 0.06015625 0.0390625
0 0.5015625 0.0484375 0.01171875 0.0125
0 0.92578125 0.30625 0.01171875 0.0125
0 0.0140625 0.028125 0.0265625 0.0515625
0 0.021875 0.35546875 0.0140625 0.015625
0 0.63984375 0.01171875 0.05078125 0.0234375
0 0.025 0.09296875 0.0421875 0.0578125
0 0.0828125 0.06796875 0.02578125 0.0453125
0 0.11875 0.0796875 0.0234375 0.03203125
0 0.33046875 0.01171875 0.03671875 0.02265625
0 0.03671875 0.0078125 0.0734375 0.01484375
0 0.815625 0.14296875 0.028125 0.02109375
0 0.96328125 0.01171875 0.03046875 0.02265625
0 0.16328125 0.53359375 0.178125 0.12578125
0 0.67890625 0.09140625 0.0171875 0.01484375