0 0.38984375 0.52578125 0.77890625 0.9484375
0 0.3421875 0.34296875 0.38515625 0.053125
0 0.43515625 0.103125 0.52421875 0.16484375
0 0.7296875 0.27578125 0.01796875 0.0140625
0 0.2765625 0.26875 0.0484375 0.0734375
0 0.62578125 0.728125 0.01953125 0.034375
0 0.7484375 0.175 0.1515625 0.0640625
0 0.003125 0.42109375 0.00625 0.01484375
0 0.41796875 0.9640625 0.02890625 0.02265625
0 0.88125 0.16640625 0.01328125 0.0140625
0 0.50703125 0.68359375 0.125 0.15546875
0 0.11171875 0.31015625 0.01484375 0.01640625
0 0.32734375 0.41875 0.2265625 0.04375
0 0.05859375 0.2890625 0.01484375 0.0203125
0 0.653125 0.4984375 0.13359375 0.1390625
0 0.46796875 0.04609375 0.07890625 0.0359375