0 0.31875 0.5328125 0.63671875 0.934375
0 0.08203125 0.36171875 0.1640625 0.13203125
0 0.5828125 0.43046875 0.21328125 0.13359375
0 0.1015625 0.3765625 0.02109375 0.02578125
0 0.33515625 0.10625 0.49921875 0.1515625
0 0.428125 0.1703125 0.07421875 0.1
0 0.72109375 0.55859375 0.0265625 0.021875
0 0.39453125 0.94921875 0.025 0.04140625
0 0.0328125 0.30078125 0.065625 0.0609375
0 0.8 0.45390625 0.11875 0.0828125
0 0.2234375 0.08359375 0.015625 0.01953125
0 0.58828125 0.6171875 0.1109375 0.04609375
0 0.721875 0.7140625 0.01875 0.01875
0 0.9625 0.546875 0.009375 0.01171875
0 0.8265625 0.5828125 0.00859375 0.01328125