0 0.384375 0.484375 0.12734375 0.65
0 0.5 0.5 1 1
0 0.6546875 0.36796875 0.01171875 0.01328125
0 0.453125 0.03125 0.0109375 0.01484375
0 0.29765625 0.0859375 0.01171875 0.01328125
0 0.00625 0.4515625 0.01171875 0.01328125
0 0.36796875 0.01875 0.0125 0.015625
0 0.13203125 0.81953125 0.01171875 0.01171875
0 0.52109375 0.41796875 0.01328125 0.01640625
0 0.15859375 0.66953125 0.01015625 0.0109375
0 0.3390625 0.04296875 0.0140625 0.01796875
0 0.796875 0.37421875 0.0109375 0.01171875
0 0.21796875 0.8546875 0.009375 0.01171875
0 0.35546875 0.20234375 0.10703125 0.2671875
0 0.67734375 0.1046875 0.01328125 0.01875
0 0.08984375 0.84140625 0.01328125 0.01171875
0 0.36484375 0.6875 0.009375 0.009375
0 0.0078125 0.303125 0.01484375 0.021875
0 0.84140625 0.175 0.0265625 0.0171875
0 0.7203125 0.10703125 0.1078125 0.15078125
0 0.009375 0.771875 0.0109375 0.0171875
0 0.08671875 0.39140625 0.17265625 0.20625
0 0.8703125 0.37421875 0.0171875 0.01484375
0 0.20859375 0.97734375 0.03828125 0.0453125
0 0.075 0.3015625 0.0796875 0.075
0 0.0578125 0.82734375 0.01484375 0.01328125
0 0.69140625 0.021875 0.2015625 0.04375
0 0.04921875 0.9125 0.05625 0.07734375
0 0.10390625 0.2140625 0.06484375 0.04296875
0 0.01328125 0.73203125 0.02421875 0.02421875
0 0.85390625 0.1171875 0.06875 0.05234375
0 0.16484375 0.02265625 0.16640625 0.03046875