0 0.6484375 0.553125 0.65390625 0.89375
0 0.871875 0.39453125 0.18125 0.128125
0 0.3734375 0.46015625 0.20703125 0.1296875
0 0.840625 0.40859375 0.0203125 0.025
0 0.6140625 0.1453125 0.484375 0.146875
0 0.52421875 0.2078125 0.071875 0.09765625
0 0.23984375 0.58515625 0.02578125 0.02109375
0 0.55625 0.9640625 0.02421875 0.03984375
0 0.921875 0.33515625 0.09140625 0.0578125
0 0.16328125 0.48359375 0.115625 0.08046875
0 0.721875 0.1234375 0.01484375 0.01875
0 0.36875 0.64140625 0.1078125 0.04453125
0 0.2390625 0.73515625 0.01796875 0.01796875
0 0.00546875 0.5734375 0.009375 0.0109375
0 0.13671875 0.6078125 0.00859375 0.0125