0 0.496875 0.496875 0.9875 0.98515625
0 0.16328125 0.45546875 0.0078125 0.009375
0 0.1328125 0.52421875 0.0109375 0.01171875
0 0.07265625 0.2453125 0.0078125 0.00859375
0 0.0421875 0.2546875 0.0078125 0.00859375
0 0.32734375 0.70859375 0.04453125 0.05703125
0 0.428125 0.25 0.021875 0.10625
0 0.5453125 0.3375 0.02421875 0.05625
0 0.7390625 0.18125 0.0078125 0.0078125
0 0.9359375 0.38359375 0.00859375 0.0125
0 0.7234375 0.38984375 0.00859375 0.01171875
0 0.91328125 0.2203125 0.1578125 0.0296875
0 0.459375 0.434375 0.02421875 0.03046875
0 0.51953125 0.07421875 0.17265625 0.13828125
0 0.26328125 0.4328125 0.0375 0.084375
0 0.07265625 0.2953125 0.021875 0.0359375
0 0.14296875 0.065625 0.2828125 0.12578125
0 0.359375 0.25 0.01328125 0.0125
0 0.221875 0.34296875 0.01875 0.02578125
0 0.7375 0.14375 0.00703125 0.01171875
0 0.15390625 0.9609375 0.11015625 0.0765625
0 0.978125 0.046875 0.04296875 0.0890625
0 0.1078125 0.7875 0.01640625 0.0078125
0 0.0453125 0.8921875 0.084375 0.06015625
0 0.26484375 0.75859375 0.0234375 0.03984375
0 0.0515625 0.634375 0.0125 0.0125
0 0.03125 0.2078125 0.05546875 0.0234375
0 0.009375 0.7375 0.01796875 0.08125
0 0.01796875 0.05859375 0.03515625 0.0875
0 0.94765625 0.30078125 0.0921875 0.0640625
0 0.3421875 0.97890625 0.02265625 0.0265625
0 0.29296875 0.78515625 0.08359375 0.07421875