0 0.5 0.49921875 1 0.9984375
0 0.3890625 0.22890625 0.01953125 0.01640625
0 0.56171875 0.4234375 0.01328125 0.0125
0 0.13984375 0.56171875 0.2796875 0.25703125
0 0.5234375 0.1546875 0.01484375 0.01171875
0 0.8484375 0.29453125 0.19375 0.05234375
0 0.6 0.15 0.01484375 0.0125
0 0.34609375 0.82265625 0.01953125 0.01484375
0 0.03984375 0.09921875 0.0796875 0.0515625
0 0.6125 0.34609375 0.015625 0.01796875
0 0.64765625 0.121875 0.01875 0.01640625
0 0.11640625 0.015625 0.0296875 0.03125
0 0.540625 0.20546875 0.01328125 0.0125
0 0.20625 0.98125 0.065625 0.0375
0 0.1421875 0.259375 0.18515625 0.1546875
0 0.465625 0.0359375 0.0203125 0.01796875
0 0.175 0.05390625 0.0484375 0.03515625
0 0.76875 0.2984375 0.0453125 0.03125
0 0.0078125 0.16484375 0.01484375 0.06328125
0 0.67890625 0.0484375 0.58515625 0.096875
0 0.15234375 0.009375 0.071875 0.01796875
0 0.51171875 0.009375 0.08359375 0.01796875
0 0.02421875 0.72265625 0.0484375 0.18828125
0 0.225 0.02265625 0.0265625 0.0453125
0 0.2734375 0.00859375 0.0296875 0.01640625