0 0.5 0.5 1 1
0 0.815625 0.284375 0.01484375 0.015625
0 0.86015625 0.1671875 0.015625 0.01484375
0 0.4109375 0.46953125 0.01015625 0.0125
0 0.8375 0.41953125 0.00859375 0.01015625
0 0.328125 0.35703125 0.0078125 0.00859375
0 0.0453125 0.07578125 0.01015625 0.0109375
0 0.1984375 0.1234375 0.09609375 0.14140625
0 0.81484375 0.60234375 0.0109375 0.01171875
0 0.99296875 0.2234375 0.0140625 0.0171875
0 0.2015625 0.071875 0.03359375 0.04296875
0 0.9421875 0.55625 0.01796875 0.0125
0 0.99765625 0.12890625 0.0046875 0.0171875
0 0.965625 0.91015625 0.06875 0.06015625
0 0.4265625 0.30625 0.0875 0.05859375
0 0.5765625 0.28359375 0.04296875 0.04453125
0 0.08125 0.26015625 0.0109375 0.01171875
0 0.01796875 0.25703125 0.0359375 0.14609375
0 0.81875 0.30390625 0.04375 0.0546875
0 0.63671875 0.08046875 0.1140625 0.1609375
0 0.56875 0.47734375 0.0375 0.03125
0 0.046875 0.15546875 0.0125 0.01171875
0 0.3421875 0.43359375 0.0453125 0.03828125
0 0.5546875 0.37734375 0.10546875 0.0859375
0 0.81953125 0.08984375 0.14609375 0.171875
0 0.7984375 0.63671875 0.1859375 0.13828125
0 0.61015625 0.53203125 0.02890625 0.04921875
0 0.64296875 0.784375 0.05859375 0.046875
0 0.89921875 0.5921875 0.07109375 0.046875
0 0.9453125 0.97109375 0.02265625 0.02109375