0 0.5125 0.49375 0.953125 0.9546875
0 0.4828125 0.30625 0.3109375 0.1578125
0 0.0796875 0.7625 0.1390625 0.0296875
0 0.19765625 0.3390625 0.22265625 0.2234375
0 0.24375 0.04765625 0.0171875 0.0265625
0 0.37265625 0.04375 0.1859375 0.0734375
0 0.07734375 0.4484375 0.03828125 0.04375
0 0.56328125 0.1671875 0.02109375 0.01875
0 0.0390625 0.20859375 0.075 0.07890625
0 0.13203125 0.221875 0.0203125 0.0203125
0 0.43984375 0.68203125 0.04609375 0.03984375
0 0.16640625 0.95 0.203125 0.1
0 0.1109375 0.88125 0.2171875 0.0671875
0 0.11875 0.57734375 0.0375 0.03515625
0 0.72421875 0.10390625 0.146875 0.1984375
0 0.2875 0.03125 0.0671875 0.04140625
0 0.22109375 0.009375 0.01171875 0.01328125
0 0.0390625 0.66640625 0.07265625 0.0171875
0 0.0546875 0.15625 0.01328125 0.02421875
0 0.30234375 0.83125 0.0515625 0.04453125
0 0.6828125 0.12890625 0.0171875 0.02265625
0 0.1390625 0.090625 0.06875 0.08125
0 0.97109375 0.31484375 0.05 0.04375