0 0.3703125 0.48515625 0.11875 0.60546875
0 0.49453125 0.49140625 0.9875 0.98046875
0 0.621875 0.37734375 0.0109375 0.0125
0 0.434375 0.0640625 0.01015625 0.0140625
0 0.28984375 0.1140625 0.0109375 0.0125
0 0.01796875 0.45546875 0.0125 0.0125
0 0.35546875 0.0515625 0.01171875 0.0140625
0 0.1359375 0.79765625 0.0109375 0.0109375
0 0.4984375 0.4234375 0.0125 0.01484375
0 0.16015625 0.6578125 0.009375 0.01015625
0 0.328125 0.075 0.01328125 0.0171875
0 0.7546875 0.3828125 0.01015625 0.0109375
0 0.215625 0.8296875 0.009375 0.0109375
0 0.34375 0.22265625 0.1 0.24921875
0 0.64375 0.13203125 0.0125 0.0171875
0 0.09609375 0.81796875 0.0125 0.0109375
0 0.35234375 0.67421875 0.009375 0.00859375
0 0.01640625 0.3171875 0.02109375 0.0203125
0 0.79609375 0.19765625 0.025 0.01640625
0 0.290625 0.021875 0.0125 0.0140625
0 0.6828125 0.134375 0.1 0.140625
0 0.02109375 0.753125 0.01015625 0.015625
0 0.08984375 0.4 0.16796875 0.19296875
0 0.82265625 0.3828125 0.015625 0.0140625
0 0.2078125 0.96015625 0.03515625 0.071875
0 0.08203125 0.31484375 0.07421875 0.06953125
0 0.06640625 0.80546875 0.0140625 0.0125
0 0.6578125 0.0375 0.1875 0.075
0 0.5328125 0.01875 0.075 0.03515625
0 0.05859375 0.88359375 0.05234375 0.07265625
0 0.10859375 0.234375 0.06015625 0.03984375
0 0.02421875 0.715625 0.02265625 0.02265625
0 0.8078125 0.14375 0.0640625 0.04921875
0 0.00859375 0.1234375 0.01640625 0.15390625
0 0.16640625 0.05546875 0.1546875 0.028125
0 0.246875 0.98515625 0.01796875 0.0171875