0 0.50390625 0.490625 0.9921875 0.98125
0 0.92421875 0.5359375 0.1515625 0.2375
0 0.24765625 0.0671875 0.22421875 0.134375
0 0.74296875 0.27421875 0.15078125 0.3375
0 0.57890625 0.27265625 0.06328125 0.40078125
0 0.97421875 0.1921875 0.01875 0.01328125
0 0.875 0.9234375 0.25 0.153125
0 0.459375 0.1171875 0.1125 0.19609375
0 0.05625 0.29140625 0.03515625 0.0359375
0 0.2203125 0.35546875 0.05625 0.03125
0 0.9296875 0.140625 0.140625 0.28125
0 0.8859375 0.85625 0.021875 0.02109375
0 0.028125 0.090625 0.05546875 0.175
0 0.99296875 0.78671875 0.0140625 0.1140625
0 0.996875 0.771875 0.00625 0.01171875
0 0.84921875 0.80625 0.009375 0.01015625