0 0.4890625 0.4984375 0.97265625 0.96484375
0 0.31796875 0.6875 0.01640625 0.01640625
0 0.39453125 0.61875 0.03046875 0.02734375
0 0.1828125 0.3546875 0.2375 0.128125
0 0.303125 0.86875 0.0921875 0.10078125
0 0.2171875 0.1375 0.03046875 0.02734375
0 0.10390625 0.54609375 0.2078125 0.1265625
0 0.25 0.25078125 0.11796875 0.1015625
0 0.6546875 0.234375 0.29296875 0.20234375
0 0.40234375 0.90546875 0.04296875 0.03203125
0 0.39609375 0.11484375 0.01875 0.025
0 0.95390625 0.1390625 0.0921875 0.2765625
0 0.07265625 0.69375 0.140625 0.34375
0 0.26640625 0.09296875 0.0296875 0.028125