0 0.50078125 0.4578125 0.921875 0.915625
0 0.59453125 0.7453125 0.07578125 0.103125
0 0.49609375 0.05234375 0.01484375 0.01328125
0 0.5828125 0.1890625 0.0796875 0.2453125
0 0.8453125 0.36953125 0.24140625 0.56796875
0 0.1765625 0.165625 0.08984375 0.0734375
0 0.378125 0.096875 0.08203125 0.11875
0 0.09921875 0.25625 0.10859375 0.11796875
0 0.4109375 0.1578125 0.02421875 0.02109375
0 0.8453125 0.271875 0.10625 0.0828125
0 0.07109375 0.39140625 0.05859375 0.05234375
0 0.95859375 0.34921875 0.01875 0.03671875
0 0.359375 0.33046875 0.01640625 0.02421875
0 0.321875 0.2921875 0.02734375 0.03671875
0 0.47421875 0.01015625 0.1703125 0.0203125
0 0.35 0.40859375 0.01875 0.01953125
0 0.94296875 0.4203125 0.05078125 0.25546875
0 0.7859375 0.15703125 0.05703125 0.0640625