0 0.49296875 0.49375 0.95234375 0.9328125
0 0.3359375 0.0359375 0.01640625 0.06875
0 0.30390625 0.56015625 0.17578125 0.4234375
0 0.73671875 0.175 0.12265625 0.13515625
0 0.48046875 0.03046875 0.2265625 0.0546875
0 0.9703125 0.440625 0.03046875 0.034375
0 0.1453125 0.3359375 0.02734375 0.03359375
0 0.10234375 0.40078125 0.13125 0.16640625
0 0.8453125 0.04921875 0.30078125 0.09375
0 0.7875 0.1171875 0.0421875 0.03828125
0 0.8265625 0.36953125 0.14453125 0.06484375
0 0.39609375 0.12109375 0.0296875 0.0359375
0 0.11640625 0.0734375 0.0578125 0.146875
0 0.0953125 0.63984375 0.18046875 0.20625
0 0.18515625 0.2203125 0.0359375 0.05234375
0 0.0984375 0.25546875 0.034375 0.0375
0 0.228125 0.16953125 0.01484375 0.015625
0 0.23125 0.190625 0.053125 0.04609375
0 0.03359375 0.36796875 0.0578125 0.096875
0 0.02578125 0.56640625 0.04609375 0.36953125
0 0.421875 0.996875 0.0109375 0.00546875
0 0.51640625 0.10234375 0.0578125 0.09375
0 0.97421875 0.29140625 0.04765625 0.103125
0 0.95546875 0.2453125 0.0234375 0.01953125
0 0.99453125 0.26875 0.0109375 0.0203125
0 0.2125 0.05078125 0.0546875 0.03359375
0 0.99609375 0.22421875 0.0078125 0.0140625