0 0.5 0.496875 1 0.99375
0 0.3203125 0.5265625 0.1640625 0.55
0 0.72578125 0.09296875 0.01328125 0.01171875
0 0.70859375 0.13203125 0.01484375 0.01328125
0 0.47421875 0.059375 0.01171875 0.0109375
0 0.25859375 0.15078125 0.00859375 0.00859375
0 0.70390625 0.07421875 0.009375 0.01015625
0 0.7828125 0.19375 0.134375 0.12109375
0 0.0421875 0.93515625 0.08359375 0.12890625
0 0.98515625 0.0921875 0.01015625 0.009375
0 0.57734375 0.02578125 0.01015625 0.01015625
0 0.4671875 0.14375 0.0828125 0.15859375
0 0.15703125 0.8234375 0.03515625 0.06875
0 0.2078125 0.946875 0.103125 0.10625
0 0.10625 0.6421875 0.01796875 0.01796875
0 0.40234375 0.0640625 0.0234375 0.02109375
0 0.98046875 0.29296875 0.0390625 0.059375
0 0.03046875 0.21015625 0.0109375 0.0109375
0 0.83984375 0.0140625 0.0890625 0.02734375
0 0.07421875 0.003125 0.01640625 0.00625
0 0.2390625 0.15234375 0.0125 0.01640625
0 0.5390625 0.08515625 0.02578125 0.0203125
0 0.33046875 0.33828125 0.08984375 0.1390625
0 0.03671875 0.80859375 0.0453125 0.07109375
0 0.05078125 0.30703125 0.0171875 0.0171875
0 0.0359375 0.003125 0.0109375 0.00625
0 0.1296875 0.628125 0.09296875 0.06953125
0 0.43046875 0.4609375 0.0125 0.02734375
0 0.065625 0.72421875 0.05859375 0.0546875
0 0.5796875 0.3421875 0.05859375 0.0609375
0 0.8859375 0.05703125 0.01875 0.01796875
0 0.0234375 0.5921875 0.046875 0.11953125
0 0.075 0.35234375 0.021875 0.0203125
0 0.26640625 0.184375 0.05703125 0.10625
0 0.9546875 0.04453125 0.0421875 0.0390625
0 0.24140625 0.02421875 0.06640625 0.0484375