0 0.3609375 0.6609375 0.00859375 0.00859375
0 0.5 0.5 1 1
0 0.3078125 0.215625 0.0078125 0.00859375
0 0.5984375 0.365625 0.00859375 0.009375
0 0.5453125 0.37265625 0.009375 0.01015625
0 0.08984375 0.03359375 0.01015625 0.01015625
0 0.54375 0.1296875 0.31953125 0.21875
0 0.03671875 0.12421875 0.0125 0.01015625
0 0.52109375 0.20234375 0.01171875 0.01171875
0 0.921875 0.28828125 0.146875 0.17109375
0 0.15859375 0.66953125 0.1390625 0.365625
0 0.303125 0.0671875 0.0125 0.01171875
0 0.03359375 0.365625 0.0140625 0.01328125
0 0.2859375 0.34609375 0.24921875 0.16015625
0 0.75078125 0.3625 0.00859375 0.01015625
0 0.02578125 0.89375 0.01171875 0.01796875
0 0.78515625 0.01640625 0.0109375 0.009375
0 0.38125 0.13046875 0.0390625 0.02890625
0 0.01640625 0.5796875 0.01171875 0.0125
0 0.01015625 0.98515625 0.00859375 0.0125
0 0.00703125 0.91640625 0.01015625 0.0125
0 0.14296875 0.13984375 0.1359375 0.16171875
0 0.04921875 0.3828125 0.01328125 0.0140625
0 0.43828125 0.62265625 0.05 0.090625
0 0.00703125 0.47109375 0.01328125 0.090625
0 0.0234375 0.28203125 0.01015625 0.0109375
0 0.5484375 0.05546875 0.16953125 0.0671875
0 0.228125 0.0125 0.025 0.02265625
0 0.040625 0.753125 0.08046875 0.06015625
0 0.171875 0.0859375 0.04453125 0.040625
0 0.02109375 0.03828125 0.0421875 0.0765625
0 0.4328125 0.0359375 0.08984375 0.059375
0 0.85 0.01953125 0.0921875 0.03828125