0 0.49140625 0.4953125 0.9578125 0.9390625
0 0.33359375 0.03515625 0.01640625 0.06953125
0 0.30078125 0.56171875 0.1765625 0.4265625
0 0.73671875 0.17421875 0.1234375 0.13671875
0 0.47890625 0.02890625 0.228125 0.05546875
0 0.971875 0.4421875 0.03046875 0.03515625
0 0.14140625 0.33671875 0.028125 0.03359375
0 0.0984375 0.40234375 0.13203125 0.1671875
0 0.84609375 0.0484375 0.30234375 0.09453125
0 0.7875 0.11640625 0.04296875 0.03828125
0 0.8265625 0.3703125 0.1453125 0.06484375
0 0.39375 0.1203125 0.0296875 0.0359375
0 0.1125 0.0734375 0.0578125 0.14609375
0 0.090625 0.64296875 0.18125 0.2078125
0 0.18125 0.21953125 0.0359375 0.053125
0 0.09453125 0.25546875 0.034375 0.0375
0 0.225 0.16875 0.01484375 0.015625
0 0.228125 0.190625 0.053125 0.04609375
0 0.028125 0.36796875 0.05625 0.09765625
0 0.021875 0.56796875 0.04375 0.37109375
0 0.41875 0.99921875 0.0109375 0.0015625
0 0.51484375 0.1015625 0.0578125 0.09453125
0 0.97578125 0.29140625 0.04765625 0.10390625
0 0.95703125 0.2453125 0.0234375 0.01953125
0 0.9953125 0.26796875 0.009375 0.0203125
0 0.209375 0.04921875 0.0546875 0.03359375
0 0.996875 0.22265625 0.00625 0.0140625