0 0.45390625 0.4765625 0.87890625 0.8265625
0 0.525 0.090625 0.11796875 0.06328125
0 0.6546875 0.71875 0.03671875 0.0625
0 0.73203125 0.45 0.15546875 0.24453125
0 0.175 0.2296875 0.07109375 0.2015625
0 0.73046875 0.84453125 0.053125 0.078125
0 0.715625 0.275 0.13125 0.13515625
0 0.63046875 0.87421875 0.0078125 0.0109375
0 0.56171875 0.26875 0.08671875 0.365625
0 0.61015625 0.7859375 0.0125 0.0203125
0 0.30390625 0.21484375 0.096875 0.171875
0 0.69921875 0.97109375 0.00859375 0.01015625
0 0.80546875 0.51015625 0.07109375 0.03984375
0 0.815625 0.5453125 0.00859375 0.009375
0 0.0984375 0.28046875 0.0515625 0.0328125
0 0.78671875 0.70078125 0.1015625 0.1109375
0 0.00703125 0.39140625 0.0140625 0.03046875
0 0.46640625 0.38046875 0.01796875 0.01484375
0 0.2046875 0.19453125 0.0109375 0.0109375
0 0.3515625 0.3125 0.0375 0.040625
0 0.3984375 0.08359375 0.0421875 0.0390625
0 0.4375 0.17734375 0.0671875 0.08671875
0 0.7484375 0.34375 0.015625 0.01328125
0 0.75546875 0.18125 0.015625 0.0171875
0 0.5234375 0.83515625 0.03828125 0.034375
0 0.3296875 0.1140625 0.01171875 0.0140625
0 0.5015625 0.1875 0.021875 0.025
0 0.5828125 0.6953125 0.0109375 0.01640625
0 0.62109375 0.92734375 0.071875 0.07734375
0 0.8453125 0.3953125 0.03125 0.02421875
0 0.7703125 0.20078125 0.0921875 0.06640625
0 0.88984375 0.44453125 0.03125 0.10625
0 0.58203125 0.2796875 0.0171875 0.0421875