0 0.72578125 0.1421875 0.01171875 0.0125
0 0.86015625 0.17578125 0.00859375 0.009375
0 0.503125 0.5 0.99375 1
0 0.8078125 0.4625 0.01171875 0.01171875
0 0.07421875 0.1625 0.01328125 0.01171875
0 0.05625 0.13203125 0.01171875 0.01171875
0 0.0375 0.11015625 0.0125 0.01171875
0 0.48125 0.0328125 0.01015625 0.01171875
0 0.38828125 0.39140625 0.01015625 0.01171875
0 0.19921875 0.7234375 0.0140625 0.01328125
0 0.22265625 0.6875 0.0171875 0.0203125
0 0.58359375 0.1078125 0.015625 0.01953125
0 0.98828125 0.009375 0.0234375 0.01875
0 0.34921875 0.04609375 0.0890625 0.0921875
0 0.59296875 0.353125 0.18984375 0.08671875
0 0.22109375 0.1546875 0.1046875 0.309375
0 0.21796875 0.98046875 0.10390625 0.03828125
0 0.79921875 0.3390625 0.14609375 0.06796875
0 0.0515625 0.2609375 0.08515625 0.3453125
0 0.0796875 0.89296875 0.0125 0.01640625
0 0.73984375 0.1515625 0.10078125 0.06953125
0 0.52890625 0.02734375 0.03828125 0.0546875
0 0.86875 0.09453125 0.0921875 0.04921875
0 0.728125 0.27578125 0.046875 0.0640625
0 0.65546875 0.009375 0.0234375 0.01875
0 0.64609375 0.228125 0.028125 0.0265625
0 0.0828125 0.04140625 0.16328125 0.0828125
0 0.97265625 0.06484375 0.01640625 0.02109375
0 0.25390625 0.84921875 0.04609375 0.13046875
0 0.9484375 0.25078125 0.01640625 0.015625
0 0.70546875 0.01015625 0.0578125 0.0203125
0 0.35 0.903125 0.10390625 0.140625
0 0.17578125 0.6625 0.01484375 0.02421875
0 0.8828125 0.44375 0.234375 0.025
0 0.08671875 0.86484375 0.0109375 0.01640625
0 0.1484375 0.9375 0.01171875 0.015625
0 0.01953125 0.565625 0.0296875 0.10703125
0 0.97265625 0.20078125 0.05390625 0.03203125
0 0.58515625 0.01640625 0.0546875 0.0328125