0 0.5 0.4984375 1 0.996875
0 0.55390625 0.15078125 0.00859375 0.009375
0 0.76953125 0.05703125 0.00859375 0.00859375
0 0.484375 0.11875 0.01015625 0.0109375
0 0.45859375 0.04921875 0.00703125 0.0078125
0 0.76640625 0.353125 0.00703125 0.00859375
0 0.24765625 0.95234375 0.01171875 0.0109375
0 0.1828125 0.7703125 0.01484375 0.01484375
0 0.6671875 0.21015625 0.02265625 0.01796875
0 0.1734375 0.675 0.01875 0.0171875
0 0.09453125 0.63671875 0.01875 0.01796875
0 0.34375 0.1625 0.0875 0.28828125
0 0.575 0.45390625 0.02890625 0.01953125
0 0.14140625 0.2 0.1171875 0.2
0 0.1546875 0.7703125 0.01640625 0.01484375
0 0.234375 0.66171875 0.0109375 0.01171875
0 0.303125 0.5703125 0.1953125 0.346875
0 0.7609375 0.02578125 0.009375 0.00859375
0 0.9625 0.3078125 0.0125 0.01328125
0 0.21796875 0.61171875 0.01171875 0.01171875
0 0.21953125 0.740625 0.04453125 0.0265625
0 0.26953125 0.70078125 0.01328125 0.0125
0 0.71875 0.05703125 0.0375 0.02578125
0 0.228125 0.8109375 0.0375 0.021875
0 0.11640625 0.7 0.01328125 0.0140625
0 0.98046875 0.2390625 0.028125 0.021875
0 0.2109375 0.09375 0.0078125 0.015625
0 0.4015625 0.4546875 0.08984375 0.0671875
0 0.7796875 0.0171875 0.02578125 0.03359375
0 0.8171875 0.0484375 0.2296875 0.09609375
0 0.75546875 0.4234375 0.08359375 0.015625
0 0.25859375 0.2578125 0.02265625 0.02578125
0 0.21171875 0.96875 0.14921875 0.0625
0 0.5890625 0.24765625 0.04296875 0.04140625
0 0.46875 0.23828125 0.0296875 0.040625
0 0.1171875 0.03828125 0.034375 0.0765625
0 0.06328125 0.9125 0.1015625 0.175
0 0.4453125 0.3125 0.05234375 0.0625
0 0.009375 0.56015625 0.01875 0.0234375
0 0.94609375 0.0078125 0.0640625 0.015625
0 0.3953125 0.003125 0.02578125 0.00625
0 0.9390625 0.40546875 0.03359375 0.02421875
0 0.0515625 0.1140625 0.05546875 0.04453125
0 0.90234375 0.3609375 0.05078125 0.03515625
0 0.0015625 0.459375 0.003125 0.03046875