0 0.1640625 0.14765625 0.0125 0.01328125
0 0.5 0.5 1 1
0 0.40703125 0.24140625 0.2390625 0.2421875
0 0.4984375 0.28046875 0.01796875 0.01796875
0 0.4203125 0.47734375 0.009375 0.01015625
0 0.2421875 0.01640625 0.0125 0.01328125
0 0.92109375 0.28671875 0.1578125 0.2375
0 0.14453125 0.2578125 0.18359375 0.2046875
0 0.86484375 0.04609375 0.2703125 0.0921875
0 0.03125 0.084375 0.028125 0.06015625
0 0.86953125 0.73984375 0.2390625 0.21328125
0 0.69296875 0.9640625 0.01640625 0.00859375
0 0.57265625 0.06796875 0.09921875 0.12734375
0 0.5921875 0.57578125 0.015625 0.0203125
0 0.996875 0.328125 0.00625 0.0125
0 0.79921875 0.9796875 0.06953125 0.03984375
0 0.9875 0.64921875 0.025 0.11328125