0 0.4921875 0.50078125 0.965625 0.978125
0 0.13671875 0.7765625 0.00859375 0.00859375
0 0.5875 0.12109375 0.01015625 0.01171875
0 0.36875 0.05546875 0.01015625 0.0109375
0 0.396875 0.1078125 0.09375 0.1609375
0 0.7390625 0.21328125 0.0078125 0.00859375
0 0.134375 0.22578125 0.259375 0.45078125
0 0.10390625 0.02109375 0.0078125 0.01015625
0 0.0921875 0.9140625 0.01015625 0.009375
0 0.36875 0.11953125 0.0109375 0.015625
0 0.0828125 0.4453125 0.00703125 0.01015625
0 0.1265625 0.91640625 0.25234375 0.16640625
0 0.9265625 0.1796875 0.1453125 0.29296875
0 0.29453125 0.1515625 0.009375 0.0140625
0 0.75859375 0.20625 0.01171875 0.01171875
0 0.840625 0.26640625 0.01328125 0.01953125
0 0.584375 0.23359375 0.2046875 0.18203125
0 0.8703125 0.28359375 0.01796875 0.02109375
0 0.90625 0.03359375 0.1875 0.06640625
0 0.02578125 0.5609375 0.04765625 0.05859375
0 0.04765625 0.1140625 0.0734375 0.1140625
0 0.13203125 0.8796875 0.02578125 0.025
0 0.775 0.15078125 0.01328125 0.0109375
0 0.28125 0.03046875 0.075 0.06015625
0 0.803125 0.1125 0.0296875 0.04140625
0 0.0546875 0.92265625 0.03515625 0.028125
0 0.05234375 0.2953125 0.03125 0.11953125
0 0.05078125 0.89765625 0.01796875 0.01640625
0 0.8015625 0.0296875 0.0609375 0.05390625
0 0.021875 0.83515625 0.0390625 0.04296875
0 0.86015625 0.11796875 0.05703125 0.0296875
0 0.2484375 0.02890625 0.01484375 0.0546875