0 0.46796875 0.7703125 0.02265625 0.02265625
0 0.39765625 0.421875 0.021875 0.0234375
0 0.50234375 0.50703125 0.9875 0.97578125
0 0.32421875 0.28671875 0.02265625 0.025
0 0.4921875 0.4234375 0.02109375 0.02109375
0 0.82265625 0.140625 0.3546875 0.278125
0 0.5328125 0.17421875 0.02109375 0.02578125
0 0.425 0.11796875 0.01875 0.01875
0 0.3609375 0.2171875 0.09609375 0.1484375
0 0.16640625 0.32109375 0.1046875 0.090625
0 0.42421875 0.45234375 0.07578125 0.103125
0 0.8 0.42890625 0.096875 0.05859375
0 0.26328125 0.4328125 0.10546875 0.14453125
0 0.175 0.6703125 0.04453125 0.05546875
0 0.2203125 0.4171875 0.03515625 0.23125
0 0.140625 0.434375 0.0265625 0.040625
0 0.1 0.88046875 0.18515625 0.2328125
0 0.69609375 0.30625 0.06171875 0.02890625
0 0.475 0.259375 0.08671875 0.1015625
0 0.41796875 0.0484375 0.0375 0.028125
0 0.85546875 0.046875 0.01875 0.02109375
0 0.62421875 0.21640625 0.10234375 0.08203125
0 0.6359375 0.06953125 0.08125 0.128125
0 0.02421875 0.78359375 0.04375 0.0625
0 0.0703125 0.60078125 0.0953125 0.0546875
0 0.321875 0.6484375 0.0890625 0.0796875
0 0.1109375 0.72890625 0.21328125 0.1265625
0 0.98515625 0.428125 0.028125 0.04453125
0 0.365625 0.01171875 0.03515625 0.0203125
0 0.0203125 0.34921875 0.03046875 0.04453125