0 0.48984375 0.48515625 0.96328125 0.93984375
0 0.07578125 0.28046875 0.01015625 0.01328125
0 0.5921875 0.2796875 0.0140625 0.01328125
0 0.475 0.371875 0.01484375 0.0171875
0 0.13515625 0.209375 0.0125 0.01328125
0 0.53125 0.11015625 0.01484375 0.015625
0 0.64765625 0.359375 0.1421875 0.37109375
0 0.36484375 0.16015625 0.1609375 0.2859375
0 0.73671875 0.26640625 0.01640625 0.015625
0 0.8125 0.6375 0.021875 0.02109375
0 0.2234375 0.09296875 0.01640625 0.015625
0 0.4078125 0.02265625 0.015625 0.01328125
0 0.41015625 0.00625 0.06484375 0.0125
0 0.79765625 0.51875 0.01953125 0.0234375
0 0.62109375 0.89609375 0.01640625 0.01953125
0 0.53203125 0.96171875 0.02109375 0.021875
0 0.59765625 0.01796875 0.053125 0.034375
0 0.4890625 0.0203125 0.0234375 0.015625
0 0.896875 0.16484375 0.1359375 0.06484375
0 0.94140625 0.72421875 0.1171875 0.07109375
0 0.0453125 0.1828125 0.090625 0.0890625
0 0.9796875 0.4375 0.040625 0.0875
0 0.928125 0.3296875 0.0671875 0.09140625
0 0.27421875 0.01171875 0.0953125 0.0234375
0 0.98515625 0.11015625 0.0296875 0.0734375
0 0.94296875 0.1625 0.0390625 0.021875
0 0.16796875 0.0125 0.0796875 0.025
0 0.01875 0.04765625 0.0375 0.0828125
0 0.8109375 0.01953125 0.0234375 0.01875
0 0.02265625 0.2734375 0.0453125 0.08125
0 0.99140625 0.56796875 0.0171875 0.02578125
0 0.88125 0.03828125 0.02578125 0.0765625
0 0.9578125 0.89140625 0.084375 0.2171875