0 0.5015625 0.50234375 0.9875 0.9953125
0 0.86484375 0.7875 0.00859375 0.00859375
0 0.40390625 0.11796875 0.01015625 0.01171875
0 0.628125 0.05 0.0109375 0.0109375
0 0.59921875 0.10390625 0.09609375 0.1640625
0 0.24921875 0.21171875 0.0078125 0.00859375
0 0.86796875 0.2265625 0.2640625 0.453125
0 0.8984375 0.01484375 0.00859375 0.01015625
0 0.9109375 0.928125 0.01015625 0.009375
0 0.628125 0.11640625 0.0109375 0.015625
0 0.91953125 0.44921875 0.00703125 0.0109375
0 0.8734375 0.92265625 0.25234375 0.1546875
0 0.06640625 0.1765625 0.1328125 0.2984375
0 0.70390625 0.14921875 0.009375 0.01484375
0 0.2296875 0.20390625 0.0125 0.01171875
0 0.1453125 0.265625 0.0140625 0.01953125
0 0.4078125 0.2328125 0.209375 0.1859375
0 0.11484375 0.28359375 0.01875 0.021875
0 0.0875 0.03046875 0.175 0.0609375
0 0.97734375 0.56640625 0.04453125 0.059375
0 0.95625 0.1109375 0.075 0.1171875
0 0.8703125 0.89296875 0.0265625 0.02578125
0 0.21171875 0.14765625 0.01328125 0.0109375
0 0.71875 0.02734375 0.0765625 0.0546875
0 0.18359375 0.10859375 0.0296875 0.04296875
0 0.94921875 0.93671875 0.0359375 0.02890625
0 0.95078125 0.29609375 0.03203125 0.121875
0 0.95234375 0.91171875 0.01875 0.0171875
0 0.1859375 0.02578125 0.0625 0.05078125
0 0.98125 0.846875 0.03671875 0.04453125
0 0.12578125 0.1140625 0.05859375 0.03046875
0 0.75234375 0.02578125 0.015625 0.05078125