0 0.50703125 0.48046875 0.9484375 0.925
0 0.91484375 0.2796875 0.01015625 0.0125
0 0.40625 0.27890625 0.0140625 0.01328125
0 0.521875 0.36875 0.0140625 0.0171875
0 0.85625 0.20859375 0.01171875 0.01328125
0 0.465625 0.11171875 0.01484375 0.01484375
0 0.3515625 0.35703125 0.13984375 0.365625
0 0.6296875 0.1609375 0.1578125 0.28125
0 0.2640625 0.26484375 0.01640625 0.015625
0 0.1890625 0.63046875 0.02109375 0.02109375
0 0.76875 0.09453125 0.01640625 0.01484375
0 0.5875 0.025 0.01484375 0.0125
0 0.5859375 0.00859375 0.06328125 0.015625
0 0.20390625 0.5140625 0.01953125 0.0234375
0 0.37734375 0.88515625 0.01640625 0.01875
0 0.46484375 0.95 0.02109375 0.021875
0 0.40078125 0.02109375 0.05234375 0.03359375
0 0.5078125 0.02265625 0.0234375 0.015625
0 0.10625 0.165625 0.13359375 0.0640625
0 0.0609375 0.7171875 0.12109375 0.06953125
0 0.94921875 0.18359375 0.09765625 0.08828125
0 0.0234375 0.43359375 0.0453125 0.0859375
0 0.075 0.32734375 0.06640625 0.08984375
0 0.71953125 0.0140625 0.09375 0.0265625
0 0.0171875 0.1125 0.034375 0.071875
0 0.06015625 0.16328125 0.03828125 0.021875
0 0.8234375 0.015625 0.078125 0.02890625
0 0.9765625 0.05078125 0.046875 0.08046875
0 0.190625 0.02265625 0.0234375 0.01796875
0 0.9703125 0.2734375 0.04921875 0.08046875
0 0.01328125 0.5640625 0.0203125 0.025
0 0.12265625 0.040625 0.025 0.07734375
0 0.04453125 0.8875 0.0890625 0.225