0 0.31015625 0.1671875 0.02421875 0.02109375
0 0.46875 0.24453125 0.0203125 0.01796875
0 0.5 0.5 1 1
0 0.03046875 0.0921875 0.01953125 0.0171875
0 0.18828125 0.796875 0.0171875 0.015625
0 0.10859375 0.865625 0.01171875 0.01640625
0 0.20625 0.36640625 0.02109375 0.01640625
0 0.96953125 0.06015625 0.0609375 0.08125
0 0.06796875 0.11875 0.0203125 0.0171875
0 0.3828125 0.29140625 0.0171875 0.015625
0 0.96640625 0.0125 0.01015625 0.009375
0 0.19609375 0.515625 0.27890625 0.2
0 0.8546875 0.03828125 0.01015625 0.009375
0 0.3640625 0.06015625 0.01640625 0.0171875
0 0.5296875 0.1234375 0.284375 0.246875
0 0.06875 0.93203125 0.1375 0.13515625
0 0.284375 0.9203125 0.03984375 0.03203125
0 0.09609375 0.1359375 0.1921875 0.109375