0 0.5 0.5 1 1
0 0.725 0.49453125 0.015625 0.01640625
0 0.41171875 0.35 0.01015625 0.0140625
0 0.86328125 0.15078125 0.0140625 0.01328125
0 0.3 0.0375 0.0109375 0.0109375
0 0.996875 0.228125 0.00625 0.009375
0 0.07109375 0.05859375 0.14140625 0.04921875
0 0.9296875 0.4875 0.13984375 0.13515625
0 0.94296875 0.17578125 0.1140625 0.1671875
0 0.68828125 0.203125 0.253125 0.059375
0 0.90078125 0.6625 0.19765625 0.225
0 0.325 0.1171875 0.203125 0.23359375
0 0.984375 0.784375 0.03046875 0.12109375
0 0.0765625 0.45703125 0.0078125 0.0078125
0 0.69375 0.87734375 0.16171875 0.05390625
0 0.009375 0.371875 0.01875 0.06484375
0 0.89765625 0.93671875 0.17421875 0.1265625
0 0.5234375 0.41640625 0.01875 0.01875
0 0.9296875 0.01484375 0.0671875 0.0296875
0 0.6734375 0.73125 0.04453125 0.03984375