0 0.4984375 0.49765625 0.9859375 0.9828125
0 0.2390625 0.31171875 0.01328125 0.0140625
0 0.19921875 0.20546875 0.0140625 0.01328125
0 0.6078125 0.4796875 0.009375 0.0109375
0 0.21953125 0.43515625 0.0078125 0.009375
0 0.6828125 0.37734375 0.0078125 0.0078125
0 0.93984375 0.121875 0.009375 0.01015625
0 0.80078125 0.16484375 0.0875 0.12890625
0 0.86796875 0.05 0.009375 0.00859375
0 0.240625 0.60078125 0.01015625 0.0109375
0 0.07578125 0.25703125 0.01953125 0.01640625
0 0.79765625 0.11875 0.03046875 0.0390625
0 0.12421875 0.559375 0.01640625 0.01171875
0 0.06953125 0.1703125 0.0140625 0.01640625
0 0.06953125 0.88125 0.13125 0.05390625
0 0.3140625 0.02578125 0.015625 0.01171875
0 0.59296875 0.33125 0.0796875 0.053125
0 0.45703125 0.3109375 0.0390625 0.03984375
0 0.04140625 0.21015625 0.0125 0.0125
0 0.90703125 0.28984375 0.01015625 0.01015625
0 0.9734375 0.28671875 0.046875 0.1328125
0 0.23671875 0.3296875 0.03984375 0.05
0 0.40390625 0.1078125 0.10390625 0.18671875
0 0.4640625 0.4875 0.03359375 0.02890625
0 0.43359375 0.0171875 0.07578125 0.034375
0 0.9390625 0.19453125 0.0109375 0.0109375
0 0.6703125 0.44765625 0.04140625 0.03515625
0 0.47734375 0.39609375 0.09609375 0.078125
0 0.2359375 0.134375 0.1328125 0.15625
0 0.2546875 0.63203125 0.16953125 0.12578125
0 0.4265625 0.5375 0.0265625 0.0453125
0 0.034375 0.171875 0.01015625 0.01015625
0 0.39609375 0.76640625 0.053125 0.04296875
0 0.1640625 0.59140625 0.06484375 0.04296875
0 0.03515625 0.08359375 0.0296875 0.0328125
0 0.21796875 0.0171875 0.015625 0.01328125
0 0.515625 0.025 0.10546875 0.05
0 0.6953125 0.0296875 0.0515625 0.059375
0 0.121875 0.93671875 0.0203125 0.01875