0 0.5 0.49921875 1 0.9984375
0 0.15390625 0.04765625 0.26796875 0.09453125
0 0.30703125 0.1625 0.14375 0.19921875
0 0.68203125 0.03125 0.1421875 0.05859375
0 0.8421875 0.5046875 0.0125 0.009375
0 0.315625 0.09296875 0.0125 0.01171875
0 0.71640625 0.26796875 0.18203125 0.22734375
0 0.46328125 0.2171875 0.01328125 0.0109375
0 0.65859375 0.70859375 0.0125 0.01171875
0 0.9 0.015625 0.0140625 0.015625
0 0.92109375 0.075 0.1578125 0.15
0 0.6703125 0.140625 0.06796875 0.075
0 0.83125 0.90546875 0.07421875 0.0546875
0 0.59765625 0.928125 0.05390625 0.03671875
0 0.740625 0.1921875 0.01484375 0.0140625
0 0.9078125 0.55390625 0.184375 0.29765625
0 0.96171875 0.96328125 0.01171875 0.0140625
0 0.96875 0.24921875 0.06171875 0.18828125
0 0.50078125 0.3109375 0.0640625 0.07421875
0 0.8515625 0.90859375 0.015625 0.05234375
0 0.421875 0.471875 0.02421875 0.02265625
0 0.0921875 0.39296875 0.1125 0.06953125
0 0.01875 0.24765625 0.0375 0.04375