0 0.5 0.5 1 1
0 0.175 0.30234375 0.27109375 0.0421875
0 0.41640625 0.040625 0.1171875 0.08125
0 0.959375 0.22265625 0.08125 0.0390625
0 0.16796875 0.48515625 0.025 0.02734375
0 0.28984375 0.20234375 0.11328125 0.09765625
0 0.59609375 0.06796875 0.178125 0.1359375
0 0.134375 0.61640625 0.0171875 0.01328125
0 0.05703125 0.2875 0.04296875 0.04140625
0 0.23984375 0.653125 0.02265625 0.02890625
0 0.471875 0.42109375 0.0359375 0.03046875
0 0.246875 0.0296875 0.025 0.03359375
0 0.2015625 0.49921875 0.0203125 0.02265625
0 0.02109375 0.378125 0.0421875 0.0578125
0 0.01484375 0.621875 0.01796875 0.0265625
0 0.20390625 0.96328125 0.096875 0.07265625
0 0.13203125 0.6375 0.05 0.05546875
0 0.91640625 0.06640625 0.1671875 0.1328125
0 0.1296875 0.0109375 0.05234375 0.021875
0 0.028125 0.0546875 0.03203125 0.03359375
0 0.9640625 0.2828125 0.07109375 0.05078125
0 0.009375 0.4484375 0.01875 0.02890625
0 0.01875 0.778125 0.0375 0.0640625
0 0.31015625 0.9171875 0.11484375 0.10859375