0 0.49296875 0.49921875 0.978125 0.98515625
0 0.0375 0.48046875 0.025 0.0265625
0 0.79140625 0.45546875 0.03046875 0.0265625
0 0.41484375 0.17109375 0.2265625 0.2875
0 0.09453125 0.70234375 0.18828125 0.49453125
0 0.7828125 0.30390625 0.10703125 0.0515625
0 0.14375 0.33046875 0.05234375 0.053125
0 0.75234375 0.21875 0.0375 0.0328125
0 0.24609375 0.25859375 0.1421875 0.3046875
0 0.31015625 0.6359375 0.07109375 0.49296875
0 0.07265625 0.246875 0.065625 0.16171875
0 0.5328125 0.02890625 0.215625 0.053125
0 0.14375 0.11328125 0.028125 0.1609375