0 0.5 0.4875 1 0.975
0 0.02734375 0.2390625 0.0109375 0.0140625
0 0.5921875 0.23828125 0.015625 0.0140625
0 0.4640625 0.3390625 0.015625 0.01875
0 0.0921875 0.1609375 0.01328125 0.0140625
0 0.52578125 0.05234375 0.01640625 0.0171875
0 0.653125 0.32578125 0.15546875 0.40546875
0 0.34453125 0.13125 0.175 0.2625
0 0.75078125 0.2234375 0.01875 0.0171875
0 0.83359375 0.62890625 0.0234375 0.0234375
0 0.1890625 0.034375 0.01796875 0.0171875
0 0.8171875 0.49921875 0.02109375 0.02578125
0 0.6234375 0.9125 0.01796875 0.02109375
0 0.5265625 0.984375 0.0234375 0.02421875
0 0.92578125 0.11328125 0.1484375 0.07109375
0 0.9546875 0.725 0.090625 0.078125
0 0.021875 0.13203125 0.04375 0.096875
0 0.959375 0.29296875 0.0734375 0.1
0 0.97578125 0.11015625 0.0421875 0.02421875
0 0.9734375 0.89296875 0.053125 0.2109375