0 0.48515625 0.48984375 0.9703125 0.9796875
0 0.7921875 0.4546875 0.32578125 0.034375
0 0.66953125 0.165625 0.24921875 0.20234375
0 0.17109375 0.35546875 0.01640625 0.01953125
0 0.109375 0.89453125 0.21875 0.2109375
0 0.3546875 0.34296875 0.01640625 0.01875
0 0.80859375 0.021875 0.0578125 0.04375
0 0.646875 0.0734375 0.01875 0.02734375
0 0.109375 0.025 0.1953125 0.04609375
0 0.746875 0.39375 0.0171875 0.021875
0 0.03046875 0.34375 0.0609375 0.26015625
0 0.70703125 0.015625 0.03828125 0.03046875
0 0.9609375 0.22109375 0.06171875 0.02265625
0 0.0578125 0.81171875 0.11484375 0.08046875
0 0.015625 0.2234375 0.03046875 0.0640625
0 0.86796875 0.05234375 0.0546875 0.1046875
0 0.94921875 0.14921875 0.0328125 0.034375
0 0.9890625 0.3953125 0.021875 0.05625