0 0.35625 0.621875 0.0078125 0.00859375
0 0.48359375 0.4953125 0.95625 0.978125
0 0.30703125 0.20703125 0.0078125 0.0078125
0 0.57734375 0.34609375 0.0078125 0.009375
0 0.528125 0.353125 0.009375 0.009375
0 0.4234375 0.95 0.00703125 0.00859375
0 0.1046875 0.0375 0.009375 0.009375
0 0.5265625 0.12734375 0.29765625 0.20390625
0 0.0546875 0.121875 0.0109375 0.009375
0 0.50625 0.19453125 0.0109375 0.0109375
0 0.4015625 0.959375 0.01328125 0.01796875
0 0.87890625 0.275 0.13671875 0.159375
0 0.16796875 0.6296875 0.12890625 0.340625
0 0.303125 0.06875 0.01171875 0.0109375
0 0.0515625 0.34609375 0.0125 0.0125
0 0.28671875 0.328125 0.23203125 0.14921875
0 0.71953125 0.34375 0.0078125 0.009375
0 0.04453125 0.83828125 0.0109375 0.0171875
0 0.7515625 0.02109375 0.01015625 0.00859375
0 0.43203125 0.9828125 0.01015625 0.01328125
0 0.37578125 0.12734375 0.03671875 0.0265625
0 0.0359375 0.54609375 0.0109375 0.01171875
0 0.0296875 0.9234375 0.00859375 0.01171875
0 0.02734375 0.859375 0.009375 0.01171875
0 0.38671875 0.98125 0.01953125 0.0109375
0 0.15390625 0.13671875 0.1265625 0.15078125
0 0.06640625 0.36328125 0.0125 0.01328125
0 0.42890625 0.5859375 0.04609375 0.084375
0 0.01796875 0.44609375 0.03125 0.08515625
0 0.0421875 0.26875 0.009375 0.01015625
0 0.31328125 0.96875 0.0125 0.01484375
0 0.53046875 0.0578125 0.1578125 0.0625
0 0.2328125 0.01796875 0.0234375 0.02109375
0 0.2578125 0.99765625 0.00859375 0.00390625
0 0.05703125 0.70859375 0.07734375 0.05625
0 0.1796875 0.0859375 0.04140625 0.0375
0 0.29140625 0.98671875 0.0140625 0.01328125
0 0.03203125 0.03984375 0.05546875 0.078125
0 0.4234375 0.03984375 0.08359375 0.05546875
0 0.81171875 0.021875 0.0859375 0.04140625