0 0.51328125 0.5 0.9734375 1
0 0.946875 0.63203125 0.02265625 0.01953125
0 0.921875 0.82421875 0.025 0.03125
0 0.27578125 0.32734375 0.03203125 0.03359375
0 0.7546875 0.8265625 0.10703125 0.14140625
0 0.2296875 0.2953125 0.278125 0.134375
0 0.64140625 0.6953125 0.09140625 0.13203125
0 0.934375 0.43359375 0.0796875 0.0671875
0 0.32890625 0.0625 0.03984375 0.0515625
0 0.9765625 0.93046875 0.046875 0.1390625
0 0.85234375 0.325 0.24375 0.2703125
0 0.41953125 0.10625 0.03515625 0.05390625
0 0.475 0.03828125 0.065625 0.05703125
0 0.91796875 0.23359375 0.1296875 0.05
0 0.828125 0.6421875 0.16484375 0.1515625
0 0.88203125 0.85078125 0.01953125 0.01875
0 0.98515625 0.05 0.0296875 0.04375
0 0.2328125 0.2453125 0.26328125 0.04609375
0 0.96953125 0.76640625 0.021875 0.021875
0 0.97109375 0.68203125 0.05234375 0.071875
0 0.88671875 0.04296875 0.2265625 0.0859375
0 0.82890625 0.82421875 0.03515625 0.028125