0 0.5 0.5 1 1
0 0.903125 0.58828125 0.02265625 0.0203125
0 0.878125 0.78359375 0.02578125 0.03125
0 0.22109375 0.278125 0.0328125 0.034375
0 0.7078125 0.78671875 0.109375 0.14375
0 0.17421875 0.2453125 0.2828125 0.13671875
0 0.59296875 0.65234375 0.09296875 0.134375
0 0.890625 0.3859375 0.08125 0.06796875
0 0.27578125 0.0171875 0.0390625 0.034375
0 0.9546875 0.91015625 0.090625 0.17890625
0 0.80703125 0.2765625 0.2484375 0.275
0 0.36640625 0.053125 0.03515625 0.0546875
0 0.42421875 0.00703125 0.06640625 0.01328125
0 0.8734375 0.18359375 0.13125 0.05078125
0 0.7828125 0.5984375 0.16796875 0.15390625
0 0.8375 0.81015625 0.0203125 0.01953125
0 0.95 0.009375 0.04609375 0.01875
0 0.17734375 0.19453125 0.26796875 0.046875
0 0.92578125 0.72421875 0.02265625 0.021875
0 0.928125 0.6390625 0.053125 0.0734375
0 0.86328125 0.01640625 0.27265625 0.0328125
0 0.7828125 0.78359375 0.0359375 0.02890625