0 0.19921875 0.1828125 0.0125 0.01328125
0 0.5 0.50703125 1 0.9859375
0 0.4421875 0.27578125 0.2390625 0.2421875
0 0.53359375 0.315625 0.01796875 0.01796875
0 0.45546875 0.51171875 0.009375 0.01015625
0 0.2765625 0.05078125 0.0125 0.01328125
0 0.93828125 0.32109375 0.12265625 0.2375
0 0.1796875 0.29296875 0.18359375 0.2046875
0 0.88203125 0.0640625 0.2359375 0.128125
0 0.06640625 0.11953125 0.028125 0.06015625
0 0.89296875 0.77421875 0.2140625 0.2125
0 0.7296875 0.99609375 0.015625 0.0078125
0 0.6078125 0.10234375 0.09921875 0.12734375
0 0.6265625 0.61015625 0.015625 0.0203125
0 0.02890625 0.03984375 0.0578125 0.0796875