0 0.5 0.5 1 1
0 0.28984375 0.54453125 0.171875 0.57578125
0 0.7140625 0.090625 0.0140625 0.01171875
0 0.69609375 0.13125 0.015625 0.01328125
0 0.45078125 0.05546875 0.0125 0.01171875
0 0.225 0.1515625 0.009375 0.00859375
0 0.69140625 0.0703125 0.009375 0.01015625
0 0.77421875 0.19609375 0.140625 0.12734375
0 0.02109375 0.95234375 0.0421875 0.09453125
0 0.9859375 0.08984375 0.01015625 0.009375
0 0.55859375 0.0203125 0.0109375 0.01015625
0 0.44375 0.14375 0.08671875 0.165625
0 0.11875 0.85546875 0.03671875 0.071875
0 0.17265625 0.9640625 0.1078125 0.071875
0 0.065625 0.66640625 0.01875 0.01953125
0 0.37578125 0.06015625 0.02421875 0.021875
0 0.98046875 0.3 0.0390625 0.0625
0 0.83359375 0.0109375 0.09296875 0.021875
0 0.2046875 0.15234375 0.01328125 0.0171875
0 0.51875 0.08203125 0.02734375 0.02109375
0 0.30078125 0.34765625 0.09375 0.1453125
0 0.0078125 0.83984375 0.01484375 0.07421875
0 0.0078125 0.3140625 0.01484375 0.0171875
0 0.08984375 0.65078125 0.096875 0.0734375
0 0.40546875 0.47578125 0.01328125 0.02890625
0 0.02734375 0.7515625 0.05390625 0.0578125
0 0.56171875 0.35234375 0.0609375 0.0640625
0 0.88203125 0.053125 0.01953125 0.01875
0 0.0328125 0.3625 0.02265625 0.021875
0 0.23359375 0.18671875 0.06015625 0.11171875
0 0.9546875 0.03984375 0.04453125 0.040625
0 0.20703125 0.021875 0.06953125 0.04375