0 0.40546875 0.50234375 0.77265625 0.865625
0 0.10625 0.48515625 0.140625 0.1015625
0 0.1546875 0.17265625 0.13125 0.0984375
0 0.259375 0.27890625 0.215625 0.14140625
0 0.31875 0.0828125 0.209375 0.10703125
0 0.14140625 0.6234375 0.12265625 0.0328125
0 0.19375 0.6796875 0.2015625 0.071875
0 0.04453125 0.57265625 0.05703125 0.1
0 0.3109375 0.46484375 0.0890625 0.0671875
0 0.2953125 0.81171875 0.065625 0.0640625
0 0.21640625 0.82109375 0.02578125 0.02265625
0 0.14921875 0.75 0.0234375 0.0515625
0 0.25234375 0.76328125 0.03125 0.04296875
0 0.2796875 0.484375 0.0140625 0.0265625