0 0.46875 0.77734375 0.0234375 0.0234375
0 0.39765625 0.4234375 0.02265625 0.0234375
0 0.50078125 0.50703125 0.9984375 0.9859375
0 0.3234375 0.28671875 0.02265625 0.02578125
0 0.49375 0.42578125 0.02109375 0.02109375
0 0.82421875 0.13984375 0.35078125 0.2796875
0 0.53515625 0.17265625 0.021875 0.0265625
0 0.425 0.11484375 0.01953125 0.01875
0 0.3609375 0.21640625 0.09765625 0.15078125
0 0.1625 0.32109375 0.10625 0.0921875
0 0.425 0.4546875 0.07734375 0.1046875
0 0.80703125 0.43046875 0.0984375 0.059375
0 0.2609375 0.434375 0.10703125 0.146875
0 0.17109375 0.6765625 0.0453125 0.05625
0 0.21796875 0.41953125 0.03515625 0.234375
0 0.13671875 0.4359375 0.02734375 0.04140625
0 0.09453125 0.884375 0.1890625 0.23125
0 0.70078125 0.30625 0.0625 0.0296875
0 0.4765625 0.259375 0.08828125 0.103125
0 0.41875 0.04453125 0.03828125 0.028125
0 0.8625 0.04296875 0.01875 0.021875
0 0.62734375 0.21484375 0.10390625 0.08359375
0 0.63984375 0.065625 0.08203125 0.13046875
0 0.01953125 0.78984375 0.0390625 0.0640625
0 0.06484375 0.60546875 0.096875 0.05546875
0 0.3203125 0.65390625 0.08984375 0.08046875
0 0.10703125 0.73515625 0.2140625 0.13046875
0 0.98984375 0.4296875 0.0203125 0.04609375
0 0.3640625 0.00859375 0.03671875 0.0171875
0 0.0140625 0.3484375 0.028125 0.04375