0 0.4625 0.45859375 0.92421875 0.91640625
0 0.05625 0.48515625 0.1046875 0.16796875
0 0.43984375 0.2421875 0.32890625 0.13125
0 0.6734375 0.1484375 0.04140625 0.0578125
0 0.7875 0.178125 0.02890625 0.02734375
0 0.1640625 0.4890625 0.04296875 0.28671875
0 0.86015625 0.4234375 0.1328125 0.0328125
0 0.8296875 0.3046875 0.05390625 0.04140625
0 0.2171875 0.6234375 0.17890625 0.27734375
0 0.084375 0.18359375 0.03359375 0.02578125
0 0.41875 0.059375 0.0265625 0.01484375
0 0.3375 0.028125 0.028125 0.0203125
0 0.20078125 0.0171875 0.05078125 0.03203125
0 0.2375 0.1515625 0.07890625 0.0875
0 0.33984375 0.01328125 0.01875 0.01328125
0 0.25 0.35234375 0.08515625 0.21953125
0 0.39765625 0.78515625 0.0546875 0.06640625