0 0.484375 0.2890625 0.04140625 0.24921875
0 0.36015625 0.36015625 0.66796875 0.66875
0 0.61171875 0.70703125 0.05 0.03125
0 0.21796875 0.121875 0.1546875 0.184375
0 0.36484375 0.1328125 0.0890625 0.13046875
0 0.54921875 0.6234375 0.125 0.065625
0 0.04375 0.11953125 0.0203125 0.0296875
0 0.22109375 0.02421875 0.0640625 0.04375
0 0.6953125 0.60234375 0.0765625 0.12109375
0 0.76015625 0.68671875 0.05234375 0.0921875
0 0.38828125 0.1265625 0.01171875 0.01953125
0 0.61484375 0.528125 0.05078125 0.0984375
0 0.553125 0.2671875 0.04375 0.1046875
0 0.6015625 0.38828125 0.040625 0.065625
0 0.90390625 0.89296875 0.04921875 0.05703125
0 0.75390625 0.78828125 0.078125 0.078125