0 0.49140625 0.5 0.9828125 1
0 0.8234375 0.3765625 0.015625 0.01953125
0 0.5125 0.4625 0.0125 0.0140625
0 0.790625 0.4984375 0.0109375 0.01484375
0 0.5328125 0.425 0.0125 0.01640625
0 0.7953125 0.425 0.0125 0.01640625
0 0.24921875 0.0515625 0.0890625 0.10234375
0 0.940625 0.825 0.0734375 0.0265625
0 0.6109375 0.14609375 0.2296875 0.25390625
0 0.70859375 0.6421875 0.0359375 0.04375
0 0.01953125 0.196875 0.0390625 0.08359375
0 0.94765625 0.51328125 0.07421875 0.09921875
0 0.3375 0.365625 0.19453125 0.05703125
0 0.98125 0.63828125 0.0375 0.06484375
0 0.84375 0.98671875 0.05625 0.0265625
0 0.64375 0.26484375 0.02578125 0.04453125
0 0.56328125 0.01875 0.259375 0.0375
0 0.95625 0.859375 0.0828125 0.11015625
0 0.971875 0.74375 0.0359375 0.0484375
0 0.76875 0.7421875 0.16875 0.25390625
0 0.92734375 0.27421875 0.11484375 0.0515625
0 0.97421875 0.79921875 0.02265625 0.028125
0 0.9078125 0.05390625 0.184375 0.1078125
0 0.02890625 0.15546875 0.03984375 0.03125