0 0.17421875 0.08828125 0.03359375 0.03671875
0 0.475 0.49453125 0.95 0.9828125
0 0.50078125 0.35234375 0.07890625 0.10234375
0 0.8375 0.546875 0.21171875 0.2
0 0.8234375 0.4125 0.19453125 0.125
0 0.65078125 0.88046875 0.1421875 0.12734375
0 0.325 0.25625 0.1921875 0.0875
0 0.46015625 0.1515625 0.04921875 0.0515625
0 0.5140625 0.25 0.05390625 0.053125
0 0.04296875 0.4375 0.0140625 0.028125
0 0.0296875 0.30703125 0.01796875 0.025
0 0.2734375 0.20234375 0.05 0.04296875
0 0.60078125 0.83515625 0.071875 0.03359375
0 0.78671875 0.77578125 0.03828125 0.04375
0 0.0109375 0.21796875 0.02109375 0.09921875
0 0.74375 0.18125 0.09296875 0.09140625
0 0.61796875 0.04140625 0.04375 0.03828125