0 0.46796875 0.496875 0.93515625 0.91953125
0 0.52734375 0.7546875 0.0453125 0.06328125
0 0.58125 0.071875 0.15390625 0.0734375
0 0.28359375 0.22109375 0.09921875 0.234375
0 0.728125 0.72734375 0.171875 0.121875
0 0.73984375 0.23046875 0.1609375 0.17578125
0 0.553125 0.18671875 0.1359375 0.23515625
0 0.8078125 0.4234375 0.19296875 0.1640625
0 0.8125 0.13125 0.02578125 0.02890625
0 0.05546875 0.315625 0.10390625 0.06875
0 0.20625 0.16328125 0.0125 0.0140625
0 0.8765625 0.49921875 0.01640625 0.015625
0 0.059375 0.26640625 0.03984375 0.0421875
0 0.45703125 0.82421875 0.015625 0.021875
0 0.56875 0.9359375 0.053125 0.0609375
0 0.65546875 0.1125 0.06640625 0.0515625
0 0.16953125 0.15703125 0.2328125 0.1015625
0 0.76953125 0.1796875 0.02578125 0.015625
0 0.9265625 0.42734375 0.0234375 0.10078125