0 0.47109375 0.33046875 0.00859375 0.009375
0 0.5 0.5 1 1
0 0.7890625 0.62265625 0.02109375 0.0203125
0 0.490625 0.03828125 0.00859375 0.01015625
0 0.54296875 0.83828125 0.0078125 0.01015625
0 0.8609375 0.82734375 0.0140625 0.01328125
0 0.8515625 0.184375 0.0109375 0.0140625
0 0.971875 0.703125 0.01015625 0.01171875
0 0.77734375 0.40078125 0.01796875 0.01953125
0 0.890625 0.28046875 0.00859375 0.0109375
0 0.7484375 0.23359375 0.02265625 0.0578125
0 0.06640625 0.08984375 0.01015625 0.03125
0 0.80546875 0.0828125 0.02265625 0.02109375
0 0.80859375 0.928125 0.0171875 0.0203125
0 0.7078125 0.86796875 0.02421875 0.02421875
0 0.6859375 0.0828125 0.01015625 0.01171875
0 0.58125 0.1390625 0.0140625 0.01484375
0 0.9515625 0.04140625 0.09609375 0.0828125
0 0.940625 0.8625 0.01875 0.02109375
0 0.43671875 0.13515625 0.25390625 0.26953125
0 0.57265625 0.80625 0.028125 0.0359375
0 0.47109375 0.146875 0.02109375 0.0875
0 0.63359375 0.2390625 0.0296875 0.0296875
0 0.775 0.56015625 0.071875 0.06015625
0 0.23984375 0.4578125 0.028125 0.02578125
0 0.76953125 0.9875 0.0234375 0.025
0 0.0984375 0.14453125 0.196875 0.0765625
0 0.93515625 0.8890625 0.05703125 0.0671875
0 0.98515625 0.91171875 0.02890625 0.053125
0 0.95546875 0.9609375 0.0890625 0.078125
0 0.72265625 0.978125 0.0453125 0.03984375
0 0.0578125 0.2765625 0.11484375 0.20625
0 0.828125 0.9765625 0.034375 0.04609375