0 0.496875 0.490625 0.9796875 0.95703125
0 0.8390625 0.37265625 0.0140625 0.01796875
0 0.54921875 0.45234375 0.01171875 0.0125
0 0.8078125 0.4859375 0.01015625 0.0140625
0 0.56875 0.4171875 0.01171875 0.015625
0 0.81328125 0.4171875 0.01171875 0.015625
0 0.3046875 0.0609375 0.0828125 0.11484375
0 0.94765625 0.78984375 0.06796875 0.025
0 0.640625 0.1578125 0.2140625 0.23671875
0 0.7328125 0.61953125 0.03359375 0.040625
0 0.05546875 0.20625 0.1078125 0.07734375
0 0.04375 0.0515625 0.0875 0.103125
0 0.9546875 0.49921875 0.06875 0.0921875
0 0.38671875 0.3625 0.18125 0.053125
0 0.984375 0.61484375 0.03125 0.0609375
0 0.8578125 0.9640625 0.05234375 0.07109375
0 0.671875 0.26875 0.02421875 0.04140625
0 0.5953125 0.02890625 0.24140625 0.05703125
0 0.96171875 0.8203125 0.0765625 0.1015625
0 0.97734375 0.7140625 0.03359375 0.04453125
0 0.68984375 0.9890625 0.02734375 0.021875
0 0.79296875 0.97890625 0.0859375 0.0421875
0 0.78828125 0.7125 0.15703125 0.2359375
0 0.9359375 0.27734375 0.10625 0.0484375
0 0.9796875 0.765625 0.02109375 0.02578125
0 0.915625 0.0609375 0.16796875 0.121875
0 0.00703125 0.42265625 0.0140625 0.04296875
0 0.1 0.1671875 0.03671875 0.02890625