0 0.49375 0.4828125 0.96328125 0.94296875
0 0.09140625 0.528125 0.1640625 0.2265625
0 0.746875 0.0765625 0.21328125 0.1328125
0 0.271875 0.27578125 0.14453125 0.32265625
0 0.42890625 0.275 0.06015625 0.38359375
0 0.05078125 0.1984375 0.01796875 0.01328125
0 0.13515625 0.9125 0.2609375 0.17265625
0 0.54375 0.12578125 0.1078125 0.1875
0 0.92890625 0.29296875 0.03359375 0.034375
0 0.77265625 0.35390625 0.053125 0.03046875
0 0.08125 0.14296875 0.159375 0.28046875
0 0.1359375 0.8328125 0.02109375 0.0203125
0 0.9640625 0.1015625 0.0671875 0.1671875
0 0.02109375 0.76796875 0.04140625 0.10859375
0 0.028125 0.753125 0.01328125 0.01171875
0 0.17109375 0.784375 0.00859375 0.009375