0 0.5 0.5078125 1 0.984375
0 0.57265625 0.45 0.0859375 0.59453125
0 0.8265625 0.50546875 0.00703125 0.009375
0 0.88046875 0.38125 0.009375 0.009375
0 0.90859375 0.54296875 0.1828125 0.21171875
0 0.45859375 0.13828125 0.28125 0.12734375
0 0.8671875 0.8046875 0.265625 0.246875
0 0.0625 0.4125 0.12265625 0.1078125
0 0.83359375 0.0546875 0.05625 0.109375
0 0.95703125 0.15546875 0.01171875 0.0203125
0 0.92734375 0.06875 0.0546875 0.1375
0 0.675 0.190625 0.046875 0.05546875
0 0.4984375 0.04453125 0.15390625 0.0890625
0 0.7234375 0.05234375 0.0203125 0.10390625
0 0.5828125 0.1265625 0.03515625 0.04140625
0 0.6234375 0.0515625 0.021875 0.10234375
0 0.27578125 0.04296875 0.01875 0.08515625
0 0.77109375 0.09609375 0.02578125 0.03046875
0 0.95625 0.18671875 0.02421875 0.03125
0 0.15703125 0.03515625 0.01328125 0.0703125