0 0.5390625 0.76796875 0.0234375 0.0234375
0 0.6109375 0.4125 0.02265625 0.02421875
0 0.5 0.49921875 1 0.9984375
0 0.6859375 0.27421875 0.02265625 0.02578125
0 0.5140625 0.4140625 0.02109375 0.02109375
0 0.17890625 0.13359375 0.3578125 0.26640625
0 0.47265625 0.159375 0.021875 0.0265625
0 0.58359375 0.1015625 0.01953125 0.01875
0 0.6484375 0.203125 0.09765625 0.1515625
0 0.84765625 0.309375 0.10703125 0.09296875
0 0.58359375 0.44296875 0.07734375 0.10546875
0 0.19921875 0.41875 0.09921875 0.059375
0 0.7484375 0.4234375 0.1078125 0.1484375
0 0.8390625 0.66640625 0.0453125 0.05625
0 0.7921875 0.4078125 0.0359375 0.2359375
0 0.8734375 0.425 0.02734375 0.04140625
0 0.91015625 0.8796875 0.17890625 0.23828125
0 0.30546875 0.29375 0.0625 0.0296875
0 0.53203125 0.24609375 0.0890625 0.10390625
0 0.58984375 0.03046875 0.03828125 0.028125
0 0.14296875 0.02890625 0.01953125 0.021875
0 0.3796875 0.2015625 0.1046875 0.084375
0 0.3671875 0.05859375 0.0828125 0.11640625
0 0.9859375 0.78046875 0.028125 0.0640625
0 0.94609375 0.59453125 0.096875 0.05546875
0 0.68828125 0.64375 0.090625 0.08125
0 0.89765625 0.725 0.2046875 0.13125
0 0.01328125 0.4171875 0.0265625 0.046875
0 0.99140625 0.33671875 0.0171875 0.04453125