0 0.48359375 0.48359375 0.95 0.95234375
0 0.78359375 0.4484375 0.31640625 0.03359375
0 0.66484375 0.1671875 0.2421875 0.196875
0 0.18046875 0.3515625 0.015625 0.01875
0 0.11640625 0.8859375 0.22109375 0.22265625
0 0.359375 0.33984375 0.015625 0.01796875
0 0.80078125 0.025 0.05703125 0.0484375
0 0.6421875 0.07734375 0.01796875 0.0265625
0 0.1203125 0.03046875 0.18984375 0.04453125
0 0.73984375 0.3890625 0.0171875 0.02109375
0 0.040625 0.3421875 0.06875 0.253125
0 0.70234375 0.01875 0.03671875 0.03671875
0 0.94765625 0.22109375 0.059375 0.021875
0 0.0703125 0.7953125 0.11171875 0.078125
0 0.02421875 0.22421875 0.04140625 0.06328125
0 0.85859375 0.05625 0.053125 0.1046875
0 0.93671875 0.1515625 0.03203125 0.03359375
0 0.9828125 0.3921875 0.034375 0.05546875