0 0.49453125 0.0890625 0.11484375 0.06171875
0 0.54296875 0.20234375 0.1171875 0.20546875
0 0.99609375 0.27734375 0.0078125 0.0359375
0 0.33359375 0.6484375 0.0140625 0.01171875
0 0.15078125 0.59765625 0.01171875 0.00859375
0 0.684375 0.3671875 0.0125 0.0140625
0 0.2890625 0.3703125 0.1859375 0.14609375
0 0.5734375 0.58203125 0.0140625 0.01328125
0 0.4328125 0.1109375 0.05625 0.06875
0 0.17578125 0.11640625 0.06796875 0.0453125
0 0.61015625 0.10546875 0.03046875 0.053125
0 0.2890625 0.253125 0.09921875 0.10234375
0 0.8484375 0.46796875 0.01171875 0.0109375
0 0.63671875 0.5921875 0.3359375 0.815625
0 0.28125 0.08984375 0.0953125 0.053125
0 0.55234375 0.60625 0.0109375 0.0125
0 0.8078125 0.16875 0.0859375 0.0984375
0 0.0234375 0.35078125 0.046875 0.07890625
0 0.07109375 0.453125 0.04140625 0.03359375
0 0.196875 0.45625 0.07109375 0.0234375
0 0.35546875 0.20234375 0.0234375 0.02734375
0 0.35546875 0.69375 0.046875 0.03359375
0 0.2421875 0.553125 0.02734375 0.0171875
0 0.0953125 0.33984375 0.15 0.06953125
0 0.903125 0.43203125 0.07734375 0.03515625
0 0.715625 0.109375 0.11484375 0.04609375
0 0.30859375 0.1640625 0.0265625 0.034375
0 0.09921875 0.178125 0.06484375 0.0703125
0 0.43046875 0.65703125 0.01640625 0.0140625
0 0.865625 0.50859375 0.0203125 0.01953125
0 0.7515625 0.3859375 0.146875 0.07734375
0 0.2484375 0.62734375 0.02734375 0.02109375
0 0.69296875 0.53984375 0.01484375 0.01796875
0 0.875 0.34140625 0.0203125 0.015625
0 0.984375 0.365625 0.03125 0.06328125
0 0.11328125 0.46171875 0.078125 0.034375
0 0.953125 0.315625 0.06015625 0.0265625
0 0.6734375 0.296875 0.0359375 0.03203125