0 0.51015625 0.496875 0.9796875 0.99375
0 0.5296875 0.034375 0.0125 0.01484375
0 0.31796875 0.509375 0.01484375 0.015625
0 0.61640625 0.371875 0.009375 0.01328125
0 0.18671875 0.1828125 0.01328125 0.0125
0 0.7359375 0.0171875 0.27109375 0.034375
0 0.72265625 0.07421875 0.0109375 0.01015625
0 0.059375 0.2578125 0.01015625 0.009375
0 0.93671875 0.0953125 0.1265625 0.046875
0 0.1109375 0.503125 0.1609375 0.128125
0 0.08359375 0.20703125 0.16484375 0.159375
0 0.353125 0.23203125 0.240625 0.05625
0 0.14453125 0.6703125 0.203125 0.2140625
0 0.6984375 0.13046875 0.19375 0.2609375
0 0.04296875 0.78515625 0.0859375 0.115625
0 0.93515625 0.47421875 0.0078125 0.0078125
0 0.1015625 0.01171875 0.1609375 0.02265625
0 0.36328125 0.99765625 0.01640625 0.0046875
0 0.3484375 0.87421875 0.15390625 0.05078125
0 0.9953125 0.39296875 0.009375 0.06171875
0 0.15390625 0.93515625 0.165625 0.1296875
0 0.0453125 0.30546875 0.0125 0.01015625
0 0.51015625 0.43515625 0.01796875 0.01796875
0 0.03515625 0.94921875 0.0703125 0.1015625
0 0.021875 0.3984375 0.04375 0.18671875
0 0.1234375 0.053125 0.0640625 0.028125
0 0.3671875 0.73515625 0.04296875 0.03828125