0 0.44609375 0.484375 0.8921875 0.8515625
0 0.5125 0.08828125 0.121875 0.06484375
0 0.64609375 0.73515625 0.0375 0.0640625
0 0.72578125 0.45859375 0.16015625 0.2515625
0 0.15234375 0.23125 0.0734375 0.20703125
0 0.72421875 0.86484375 0.0546875 0.0796875
0 0.709375 0.278125 0.13515625 0.1390625
0 0.62109375 0.8953125 0.0078125 0.0109375
0 0.55078125 0.271875 0.0890625 0.3765625
0 0.60078125 0.8046875 0.01328125 0.02109375
0 0.284375 0.21640625 0.1 0.1765625
0 0.6921875 0.99453125 0.00859375 0.01015625
0 0.8015625 0.5203125 0.0734375 0.040625
0 0.8125 0.55625 0.009375 0.01015625
0 0.07421875 0.28359375 0.053125 0.034375
0 0.78203125 0.71640625 0.1046875 0.11484375
0 0.45234375 0.38671875 0.01875 0.01484375
0 0.1828125 0.1953125 0.01171875 0.01171875
0 0.33359375 0.31640625 0.03828125 0.04140625
0 0.38203125 0.08125 0.04375 0.03984375
0 0.42265625 0.17734375 0.06953125 0.0890625
0 0.74296875 0.3484375 0.015625 0.01328125
0 0.74921875 0.18203125 0.015625 0.0171875
0 0.5109375 0.8546875 0.03984375 0.03515625
0 0.31171875 0.1125 0.01171875 0.0140625
0 0.48828125 0.18828125 0.021875 0.02578125
0 0.571875 0.7109375 0.0109375 0.01640625
0 0.61171875 0.94921875 0.07421875 0.0796875
0 0.8421875 0.40234375 0.03203125 0.025
0 0.76484375 0.2015625 0.09453125 0.06796875
0 0.88828125 0.45234375 0.03203125 0.109375
0 0.571875 0.2828125 0.0171875 0.04296875