0 0.49921875 0.509375 0.98125 0.95546875
0 0.83984375 0.0625 0.25625 0.12109375
0 0.6921875 0.18671875 0.1375 0.190625
0 0.334375 0.0609375 0.1359375 0.05625
0 0.18046875 0.5140625 0.01171875 0.009375
0 0.684375 0.1203125 0.01171875 0.0109375
0 0.30078125 0.2875 0.17421875 0.21796875
0 0.54296875 0.2390625 0.0125 0.01015625
0 0.35625 0.70859375 0.0125 0.0109375
0 0.12578125 0.04609375 0.0140625 0.01484375
0 0.09140625 0.08984375 0.18203125 0.17109375
0 0.34453125 0.165625 0.06484375 0.071875
0 0.190625 0.896875 0.07109375 0.05234375
0 0.4140625 0.91875 0.0515625 0.03515625
0 0.27734375 0.21484375 0.0140625 0.0140625
0 0.10703125 0.56171875 0.19921875 0.284375
0 0.06640625 0.95234375 0.01171875 0.01328125
0 0.04609375 0.2703125 0.08828125 0.1796875
0 0.50703125 0.32890625 0.0609375 0.07109375
0 0.171875 0.9 0.01484375 0.05
0 0.01796875 0.9484375 0.03203125 0.08671875
0 0.5828125 0.4828125 0.0234375 0.021875
0 0.89765625 0.40703125 0.1078125 0.06640625
0 0.97578125 0.26875 0.0484375 0.04140625