0 0.50703125 0.5 0.98515625 1
0 0.2328125 0.315625 0.26171875 0.040625
0 0.46484375 0.0515625 0.1125 0.103125
0 0.97421875 0.2390625 0.0515625 0.0375
0 0.22578125 0.4921875 0.02421875 0.0265625
0 0.34375 0.2203125 0.109375 0.09453125
0 0.6390625 0.07890625 0.171875 0.15546875
0 0.19296875 0.61875 0.0171875 0.0125
0 0.11875 0.3015625 0.04140625 0.03984375
0 0.2953125 0.65390625 0.021875 0.028125
0 0.51875 0.43046875 0.03515625 0.0296875
0 0.30234375 0.053125 0.02421875 0.0328125
0 0.2578125 0.50546875 0.01953125 0.021875
0 0.07109375 0.38984375 0.06875 0.05625
0 0.05234375 0.525 0.03046875 0.03828125
0 0.078125 0.62421875 0.01796875 0.02578125
0 0.26015625 0.95859375 0.0921875 0.0828125
0 0.190625 0.6390625 0.0484375 0.053125
0 0.01875 0.58125 0.0109375 0.01328125
0 0.9328125 0.0765625 0.13125 0.153125
0 0.18828125 0.02265625 0.0515625 0.0453125
0 0.09140625 0.07734375 0.03125 0.03203125
0 0.9796875 0.29765625 0.040625 0.04921875
0 0.0328125 0.1890625 0.06328125 0.06875
0 0.05703125 0.4578125 0.05 0.0296875
0 0.078125 0.77578125 0.0453125 0.06171875
0 0.0671875 0.984375 0.08828125 0.03125
0 0.36328125 0.90859375 0.1109375 0.1046875
0 0.021875 0.94140625 0.03828125 0.05234375
0 0.034375 0.77578125 0.01953125 0.021875
0 0.01640625 0.48984375 0.0328125 0.05546875