0 0.5 0.5 1 1
0 0.69765625 0.05703125 0.08203125 0.11328125
0 0.10703125 0.7390625 0.0453125 0.03515625
0 0.3296875 0.92265625 0.0078125 0.009375
0 0.56171875 0.32578125 0.409375 0.121875
0 0.9234375 0.04921875 0.153125 0.0984375
0 0.04375 0.38125 0.01015625 0.01328125
0 0.7015625 0.228125 0.0125 0.01640625
0 0.0359375 0.878125 0.071875 0.06328125
0 0.07421875 0.61484375 0.046875 0.0375
0 0.99765625 0.2390625 0.0046875 0.01484375
0 0.20625 0.43125 0.2875 0.1203125
0 0.040625 0.96640625 0.08125 0.0515625
0 0.05 0.81484375 0.0328125 0.02734375
0 0.45 0.8703125 0.01328125 0.01484375
0 0.14921875 0.8265625 0.13359375 0.084375
0 0.1703125 0.10625 0.24609375 0.115625
0 0.16875 0.596875 0.18203125 0.08203125
0 0.03046875 0.67109375 0.0609375 0.0234375
0 0.2421875 0.9625 0.2453125 0.075
0 0.17890625 0.03046875 0.2046875 0.0609375
0 0.05859375 0.38359375 0.03046875 0.1