0 0.52421875 0.46328125 0.95078125 0.9265625
0 0.95234375 0.4734375 0.0953125 0.17734375
0 0.55703125 0.2203125 0.3453125 0.1375
0 0.3109375 0.12109375 0.04375 0.06015625
0 0.1921875 0.15234375 0.0296875 0.028125
0 0.84609375 0.478125 0.0453125 0.30078125
0 0.115625 0.409375 0.1390625 0.034375
0 0.146875 0.28515625 0.05625 0.04296875
0 0.78984375 0.61953125 0.18828125 0.290625
0 0.92890625 0.1578125 0.03515625 0.0265625
0 0.57890625 0.02734375 0.028125 0.015625
0 0.6640625 0.00234375 0.0296875 0.0046875
0 0.76953125 0.125 0.0828125 0.0921875
0 0.75546875 0.33515625 0.0890625 0.23046875
0 0.60078125 0.7890625 0.05703125 0.0703125