0 0.43203125 0.51953125 0.8578125 0.9609375
0 0.39375 0.3515625 0.41171875 0.05703125
0 0.49296875 0.09453125 0.56015625 0.1765625
0 0.8078125 0.2796875 0.01953125 0.01484375
0 0.3234375 0.271875 0.05234375 0.07890625
0 0.696875 0.76328125 0.02109375 0.03671875
0 0.828125 0.17109375 0.16171875 0.06875
0 0.02734375 0.4359375 0.0109375 0.0171875
0 0.9703125 0.1625 0.0140625 0.01484375
0 0.01328125 0.503125 0.01640625 0.03125
0 0.5703125 0.71484375 0.13359375 0.165625
0 0.146875 0.315625 0.015625 0.01796875
0 0.37734375 0.43203125 0.2421875 0.046875
0 0.090625 0.29296875 0.01640625 0.021875
0 0.7265625 0.5171875 0.1421875 0.1484375
0 0.528125 0.03359375 0.08515625 0.0390625