0 0.4953125 0.49765625 0.9875 0.9859375
0 0.93828125 0.45390625 0.00703125 0.00859375
0 0.26171875 0.81953125 0.00703125 0.00859375
0 0.059375 0.6828125 0.0078125 0.009375
0 0.33984375 0.2359375 0.01328125 0.01171875
0 0.86875 0.47734375 0.0109375 0.0109375
0 0.3890625 0.2203125 0.0125 0.0140625
0 0.534375 0.146875 0.015625 0.0140625
0 0.0671875 0.61640625 0.01171875 0.0125
0 0.27734375 0.6109375 0.00859375 0.0125
0 0.30234375 0.11953125 0.0140625 0.015625
0 0.8640625 0.3265625 0.24296875 0.05859375
0 0.0578125 0.2484375 0.009375 0.0109375
0 0.16171875 0.16875 0.0125 0.015625
0 0.5484375 0.38984375 0.0734375 0.075
0 0.23359375 0.18515625 0.01484375 0.0203125
0 0.76328125 0.134375 0.18359375 0.1109375
0 0.06640625 0.72109375 0.12109375 0.02109375
0 0.36640625 0.10234375 0.02109375 0.025
0 0.2640625 0.85625 0.01171875 0.01484375
0 0.6703125 0.29609375 0.0390625 0.0453125
0 0.0921875 0.784375 0.16953125 0.0265625
0 0.73671875 0.25078125 0.0234375 0.03203125
0 0.95390625 0.078125 0.01171875 0.015625
0 0.3046875 0.2703125 0.01015625 0.015625
0 0.3234375 0.17265625 0.02578125 0.0328125
0 0.359375 0.2953125 0.1640625 0.1671875
0 0.4375 0.01796875 0.02734375 0.0234375
0 0.16796875 0.365625 0.15625 0.05546875
0 0.08671875 0.94375 0.15703125 0.096875
0 0.45625 0.68515625 0.03359375 0.10546875
0 0.26171875 0.1359375 0.0265625 0.03984375
0 0.21328125 0.03359375 0.17265625 0.06171875
0 0.26484375 0.2109375 0.0328125 0.0546875
0 0.19453125 0.22578125 0.02109375 0.03671875
0 0.309375 0.98359375 0.05 0.0328125