0 0.5 0.5 1 1
0 0.2203125 0.55859375 0.01875 0.021875
0 0.14375 0.715625 0.0203125 0.0265625
0 0.59296875 0.18984375 0.0125 0.0140625
0 0.884375 0.115625 0.01015625 0.0125
0 0.26796875 0.64453125 0.0140625 0.01875
0 0.06953125 0.9921875 0.0171875 0.015625
0 0.80390625 0.07734375 0.01171875 0.01484375
0 0.78984375 0.128125 0.01875 0.02109375
0 0.34296875 0.8203125 0.015625 0.02109375
0 0.09609375 0.959375 0.01484375 0.01953125
0 0.75078125 0.04375 0.0109375 0.0125
0 0.290625 0.41484375 0.31484375 0.0484375
0 0.74765625 0.13671875 0.0109375 0.01328125
0 0.39296875 0.0671875 0.1765625 0.134375
0 0.76640625 0.128125 0.0109375 0.01328125
0 0.03828125 0.6640625 0.01796875 0.01875
0 0.16875 0.11953125 0.0484375 0.0359375
0 0.0421875 0.04375 0.084375 0.0875
0 0.91640625 0.06875 0.1671875 0.1375
0 0.88828125 0.31953125 0.0125 0.01796875
0 0.01328125 0.17421875 0.00859375 0.01328125
0 0.96171875 0.33828125 0.0109375 0.02421875
0 0.98671875 0.30546875 0.02578125 0.07421875
0 0.99140625 0.43359375 0.0171875 0.01875