0 0.16015625 0.159375 0.009375 0.0109375
0 0.51640625 0.49296875 0.9546875 0.97421875
0 0.96328125 0.2171875 0.06953125 0.2609375
0 0.4109375 0.7703125 0.0203125 0.02109375
0 0.6171875 0.31328125 0.27421875 0.15859375
0 0.33984375 0.01328125 0.01328125 0.01328125
0 0.1875 0.428125 0.021875 0.01796875
0 0.746875 0.18125 0.01875 0.0203125
0 0.16015625 0.31484375 0.02578125 0.01640625
0 0.41796875 0.4234375 0.01875 0.01796875
0 0.33203125 0.07109375 0.0171875 0.021875
0 0.2171875 0.82109375 0.0171875 0.021875
0 0.3546875 0.62421875 0.01953125 0.021875
0 0.4671875 0.0890625 0.16796875 0.1265625
0 0.09765625 0.4453125 0.01328125 0.0140625
0 0.24375 0.5640625 0.025 0.02421875
0 0.0984375 0.8453125 0.0125 0.0140625
0 0.7703125 0.053125 0.10234375 0.1
0 0.3578125 0.03515625 0.053125 0.06875
0 0.128125 0.23125 0.0125 0.01953125
0 0.5671875 0.01640625 0.18359375 0.03203125
0 0.70859375 0.23828125 0.0265625 0.0390625
0 0.05390625 0.2484375 0.0140625 0.01171875
0 0.0125 0.1296875 0.02421875 0.1453125
0 0.04453125 0.38359375 0.0796875 0.02265625
0 0.4015625 0.371875 0.028125 0.02109375
0 0.1578125 0.6453125 0.078125 0.07890625
0 0.02421875 0.60078125 0.0453125 0.071875
0 0.3296875 0.89921875 0.0765625 0.06640625
0 0.1625 0.92734375 0.01640625 0.021875
0 0.075 0.23671875 0.01328125 0.0171875
0 0.19765625 0.11015625 0.04296875 0.18515625
0 0.13046875 0.07578125 0.09140625 0.034375
0 0.31171875 0.421875 0.10546875 0.07265625
0 0.03125 0.71328125 0.02109375 0.02109375
0 0.37890625 0.6078125 0.07421875 0.06875
0 0.06171875 0.96953125 0.06328125 0.03046875