0 0.5 0.50625 1 0.884375
0 0.97265625 0.36796875 0.0125 0.01171875
0 0.7125 0.33984375 0.0109375 0.009375
0 0.7265625 0.0015625 0.01640625 0.003125
0 0.85625 0.42421875 0.0125 0.009375
0 0.41796875 0.37578125 0.0078125 0.00859375
0 0.49375 0.0796875 0.01015625 0.009375
0 0.71875 0.303125 0.01640625 0.0171875
0 0.434375 0.94765625 0.0125 0.0109375
0 0.27578125 0.8140625 0.02421875 0.01875
0 0.64765625 0.1453125 0.01953125 0.02109375
0 0.32421875 0.21953125 0.01328125 0.0109375
0 0.465625 0.346875 0.02890625 0.03359375
0 0.146875 0.44765625 0.1828125 0.159375
0 0.13359375 0.059375 0.21328125 0.11875
0 0.5203125 0.2390625 0.028125 0.02890625
0 0.121875 0.89375 0.0140625 0.01328125
0 0.74765625 0.0546875 0.4046875 0.109375
0 0.3578125 0.03984375 0.0921875 0.0640625
0 0.39375 0.30234375 0.0234375 0.02421875
0 0.9796875 0.35546875 0.040625 0.05390625
0 0.946875 0.2640625 0.0171875 0.01328125
0 0.19453125 0.7578125 0.0484375 0.02578125
0 0.0109375 0.09296875 0.021875 0.115625
0 0.40546875 0.41015625 0.01484375 0.0140625
0 0.028125 0.7046875 0.025 0.015625
0 0.0578125 0.915625 0.115625 0.10234375
0 0.41640625 0.74375 0.0765625 0.0828125
0 0.434375 0.68671875 0.03359375 0.03203125
0 0.86015625 0.003125 0.0234375 0.00625
0 0.459375 0.9578125 0.0125 0.01171875
0 0.02109375 0.2546875 0.0421875 0.05390625
0 0.2515625 0.975 0.04375 0.05
0 0.02265625 0.8140625 0.0359375 0.05703125