0 0.49296875 0.4984375 0.98515625 0.996875
0 0.709375 0.53828125 0.01796875 0.0203125
0 0.78125 0.684375 0.01875 0.02421875
0 0.36328125 0.1953125 0.0109375 0.01328125
0 0.09296875 0.12734375 0.009375 0.01171875
0 0.665625 0.61796875 0.01328125 0.0171875
0 0.85 0.94453125 0.015625 0.01953125
0 0.16796875 0.09140625 0.0109375 0.0140625
0 0.18046875 0.13828125 0.0171875 0.01953125
0 0.59609375 0.78203125 0.01484375 0.01953125
0 0.825 0.91015625 0.0140625 0.01796875
0 0.2171875 0.06015625 0.01015625 0.01171875
0 0.64453125 0.4046875 0.2921875 0.0453125
0 0.21953125 0.14609375 0.01015625 0.0125
0 0.22734375 0.0015625 0.01484375 0.003125
0 0.54921875 0.08203125 0.1640625 0.128125
0 0.20234375 0.13828125 0.01015625 0.0125
0 0.8796875 0.63671875 0.0171875 0.01796875
0 0.9671875 0.10546875 0.009375 0.01171875
0 0.7578125 0.13046875 0.0453125 0.03359375
0 0.8734375 0.9890625 0.015625 0.021875
0 0.87734375 0.05078125 0.08203125 0.1015625
0 0.0703125 0.07421875 0.13984375 0.14765625
0 0.0890625 0.31640625 0.01171875 0.01640625
0 0.35546875 0.0078125 0.0359375 0.015625
0 0.31328125 0.01171875 0.0390625 0.0234375
0 0.90234375 0.18125 0.0078125 0.0125
0 0.190625 0.00625 0.15625 0.0125
0 0.96875 0.30625 0.0546875 0.115625
0 0.9921875 0.1390625 0.015625 0.090625
0 0.02109375 0.33359375 0.01015625 0.02265625
0 0.0046875 0.303125 0.009375 0.06875
0 0.7203125 0.0109375 0.146875 0.021875
0 0.9421875 0.003125 0.1125 0.00625