0 0.64296875 0.63515625 0.00859375 0.00859375
0 0.50234375 0.5 0.9953125 1
0 0.6953125 0.19765625 0.0078125 0.00859375
0 0.409375 0.34453125 0.00859375 0.009375
0 0.4625 0.3515625 0.009375 0.01015625
0 0.57265625 0.98125 0.0078125 0.00859375
0 0.909375 0.01796875 0.01015625 0.01015625
0 0.4640625 0.1125 0.3140625 0.215625
0 0.9625 0.10703125 0.01171875 0.01015625
0 0.4859375 0.18359375 0.0109375 0.01171875
0 0.596875 0.990625 0.01484375 0.01796875
0 0.09140625 0.26875 0.14453125 0.16796875
0 0.8421875 0.64296875 0.13671875 0.359375
0 0.7 0.05078125 0.0125 0.0109375
0 0.96484375 0.34453125 0.01328125 0.01328125
0 0.7171875 0.325 0.2453125 0.15703125
0 0.26015625 0.3421875 0.00859375 0.01015625
0 0.97265625 0.8640625 0.01171875 0.01796875
0 0.2265625 0.00234375 0.01171875 0.0046875
0 0.6234375 0.11328125 0.03828125 0.028125
0 0.98203125 0.55546875 0.01171875 0.0125
0 0.98828125 0.95390625 0.00859375 0.01171875
0 0.99140625 0.8859375 0.01015625 0.01171875
0 0.8578125 0.12265625 0.134375 0.159375
0 0.94921875 0.36171875 0.01328125 0.0140625
0 0.5671875 0.59765625 0.04921875 0.0890625
0 0.9921875 0.44921875 0.01484375 0.0890625
0 0.975 0.2625 0.01015625 0.0109375
0 0.68984375 0.996875 0.01328125 0.00625
0 0.459375 0.03984375 0.1671875 0.06640625
0 0.775 0.00390625 0.025 0.0078125
0 0.959375 0.72578125 0.08046875 0.059375
0 0.8296875 0.06953125 0.04375 0.03984375
0 0.97890625 0.03046875 0.0421875 0.0609375
0 0.5734375 0.025 0.0875 0.04921875
0 0.1625 0.01171875 0.090625 0.0234375