0 0.6515625 0.553125 0.6234375 0.89375
0 0.8640625 0.3796875 0.17265625 0.12265625
0 0.3890625 0.44140625 0.196875 0.1234375
0 0.834375 0.3921875 0.01953125 0.02421875
0 0.61796875 0.1421875 0.46171875 0.13984375
0 0.53203125 0.20078125 0.06875 0.09296875
0 0.2609375 0.5609375 0.02421875 0.0203125
0 0.56328125 0.921875 0.02265625 0.03828125
0 0.9109375 0.32265625 0.08671875 0.0546875
0 0.18828125 0.4640625 0.11015625 0.0765625
0 0.72109375 0.12109375 0.01484375 0.01796875
0 0.384375 0.61484375 0.10234375 0.0421875
0 0.26015625 0.70390625 0.0171875 0.0171875
0 0.0375 0.54921875 0.00859375 0.01015625
0 0.16328125 0.5828125 0.00859375 0.01171875