0 0.496875 0.5 0.99375 1
0 0.55078125 0.13515625 0.096875 0.2109375
0 0.33671875 0.3734375 0.1375 0.54453125
0 0.8921875 0.09609375 0.215625 0.19140625
0 0.1703125 0.15625 0.00859375 0.0078125
0 0.02890625 0.534375 0.009375 0.01015625
0 0.3609375 0.0578125 0.18203125 0.11484375
0 0.809375 0.35703125 0.01015625 0.0109375
0 0.15625 0.940625 0.01171875 0.0125
0 0.21171875 0.11875 0.00703125 0.01015625
0 0.034375 0.94296875 0.06875 0.11328125
0 0.1375 0.0609375 0.04140625 0.07265625
0 0.1265625 0.95859375 0.01171875 0.0109375
0 0.13671875 0.2890625 0.01171875 0.01171875
0 0.7109375 0.02578125 0.153125 0.05078125
0 0.45703125 0.2078125 0.01171875 0.01171875
0 0.2765625 0.27578125 0.04453125 0.05703125
0 0.15 0.28203125 0.0609375 0.09453125
0 0.08671875 0.146875 0.0609375 0.09609375
0 0.653125 0.05625 0.01171875 0.0125
0 0.490625 0.19375 0.0140625 0.0125
0 0.32421875 0.25 0.07265625 0.0859375
0 0.9984375 0.42421875 0.003125 0.0171875
0 0.94921875 0.309375 0.06171875 0.03984375
0 0.496875 0.04296875 0.0125 0.0125
0 0.93046875 0.30703125 0.0125 0.0125
0 0.00546875 0.02421875 0.0109375 0.04765625
0 0.00625 0.35625 0.0125 0.015625
0 0.6375 0.0078125 0.05078125 0.015625
0 0.01484375 0.08671875 0.0296875 0.0609375
0 0.06875 0.0625 0.0265625 0.04609375
0 0.10546875 0.075 0.0234375 0.03203125
0 0.32109375 0.0078125 0.03828125 0.015625
0 0.02890625 0.00390625 0.0578125 0.0078125
0 0.81796875 0.13984375 0.02890625 0.02109375
0 0.96796875 0.0078125 0.03203125 0.015625
0 0.15078125 0.5390625 0.18203125 0.12890625
0 0.678125 0.08671875 0.01796875 0.01484375