0 0.49453125 0.50078125 0.9671875 0.9734375
0 0.459375 0.075 0.0203125 0.021875
0 0.67578125 0.30078125 0.02109375 0.0234375
0 0.60078125 0.16171875 0.02109375 0.02265625
0 0.62421875 0.36171875 0.1078125 0.0984375
0 0.66328125 0.27890625 0.01796875 0.02109375
0 0.6859375 0.184375 0.0203125 0.0203125
0 0.165625 0.52734375 0.2640625 0.20234375
0 0.33515625 0.2578125 0.03359375 0.0328125
0 0.73515625 0.27578125 0.028125 0.0234375
0 0.81796875 0.3453125 0.03125 0.03125
0 0.03359375 0.65234375 0.01953125 0.021875
0 0.18046875 0.26015625 0.04609375 0.046875
0 0.12890625 0.8546875 0.0171875 0.0203125
0 0.06484375 0.3625 0.025 0.025
0 0.25078125 0.27890625 0.0390625 0.02578125
0 0.896875 0.09765625 0.021875 0.021875
0 0.015625 0.5828125 0.01640625 0.0203125
0 0.43203125 0.8953125 0.021875 0.02421875
0 0.7546875 0.25078125 0.02265625 0.025
0 0.275 0.31328125 0.0265625 0.02421875
0 0.28203125 0.73125 0.053125 0.03125
0 0.4125 0.21484375 0.0359375 0.03984375
0 0.95234375 0.0984375 0.02421875 0.0265625
0 0.0109375 0.534375 0.01640625 0.0203125
0 0.45 0.02578125 0.03046875 0.0296875
0 0.17421875 0.74140625 0.01875 0.02109375
0 0.46484375 0.9375 0.021875 0.025
0 0.0390625 0.2109375 0.02734375 0.02109375
0 0.3125 0.95703125 0.0234375 0.0234375
0 0.0296875 0.4890625 0.02265625 0.0203125
0 0.2578125 0.9578125 0.01796875 0.0203125
0 0.03359375 0.2546875 0.0671875 0.04609375