0 0.49609375 0.5 0.9921875 1
0 0.546875 0.134375 0.09765625 0.2125
0 0.33125 0.37421875 0.13828125 0.5484375
0 0.890625 0.0953125 0.21875 0.190625
0 0.16328125 0.15546875 0.00859375 0.0078125
0 0.02109375 0.53671875 0.009375 0.01015625
0 0.35546875 0.05703125 0.18359375 0.1140625
0 0.80625 0.3578125 0.01015625 0.0109375
0 0.14921875 0.9453125 0.01171875 0.0125
0 0.2046875 0.11796875 0.0078125 0.01015625
0 0.03046875 0.9453125 0.0609375 0.109375
0 0.13046875 0.059375 0.0421875 0.0734375
0 0.11875 0.96328125 0.01171875 0.0109375
0 0.1296875 0.2890625 0.01171875 0.0125
0 0.70703125 0.025 0.1546875 0.05
0 0.45234375 0.2078125 0.01171875 0.01171875
0 0.2703125 0.27578125 0.04453125 0.0578125
0 0.14296875 0.28203125 0.06171875 0.0953125
0 0.0796875 0.14609375 0.06171875 0.096875
0 0.64921875 0.0546875 0.01171875 0.0125
0 0.4859375 0.19375 0.0140625 0.0125
0 0.31796875 0.25 0.07265625 0.0859375
0 0.99765625 0.425 0.0046875 0.01796875
0 0.946875 0.31015625 0.06171875 0.040625
0 0.4921875 0.04140625 0.0125 0.0125
0 0.928125 0.3078125 0.0125 0.0125
0 0.00234375 0.35703125 0.0046875 0.01640625
0 0.63359375 0.00703125 0.0515625 0.0140625
0 0.0109375 0.08671875 0.021875 0.0609375
0 0.0609375 0.06171875 0.0265625 0.046875
0 0.0984375 0.07421875 0.0234375 0.0328125
0 0.3140625 0.00703125 0.0375 0.0140625
0 0.025 0.003125 0.05 0.00625
0 0.815625 0.1390625 0.02890625 0.021875
0 0.965625 0.00703125 0.03125 0.0140625
0 0.14375 0.54140625 0.18359375 0.1296875
0 0.675 0.0859375 0.01796875 0.01484375