0 0.48125 0.50234375 0.92109375 0.946875
0 0.88046875 0.22734375 0.2390625 0.4546875
0 0.89765625 0.02265625 0.0078125 0.00859375
0 0.51171875 0.35078125 0.01640625 0.0109375
0 0.2046875 0.3125 0.01796875 0.0171875
0 0.54375 0.1078125 0.01796875 0.01328125
0 0.60078125 0.39609375 0.009375 0.0109375
0 0.19609375 0.0546875 0.0234375 0.1046875
0 0.13125 0.32421875 0.2046875 0.15390625
0 0.684375 0.89609375 0.15390625 0.03515625
0 0.05703125 0.09609375 0.078125 0.1921875
0 0.49296875 0.31875 0.01484375 0.01015625
0 0.96796875 0.115625 0.01484375 0.0140625
0 0.8296875 0.07109375 0.125 0.13984375
0 0.515625 0.37109375 0.01640625 0.015625
0 0.503125 0.2796875 0.01484375 0.01953125
0 0.92578125 0.71015625 0.00859375 0.009375
0 0.94296875 0.10703125 0.00859375 0.00859375
0 0.59609375 0.559375 0.05 0.03671875
0 0.29609375 0.28671875 0.11328125 0.01953125
0 0.55625 0.40390625 0.009375 0.0171875
0 0.29609375 0.1125 0.021875 0.0125
0 0.83671875 0.70078125 0.084375 0.05
0 0.009375 0.03125 0.01328125 0.01484375
0 0.99453125 0.0078125 0.009375 0.009375
0 0.8484375 0.9625 0.0109375 0.0109375
0 0.4609375 0.015625 0.2046875 0.0296875
0 0.77734375 0.96328125 0.04765625 0.05859375
0 0.928125 0.72890625 0.0125 0.0125
0 0.71640625 0.9375 0.2203125 0.125
0 0.97890625 0.48671875 0.0421875 0.09296875
0 0.8984375 0.03203125 0.04921875 0.053125
0 0.1453125 0.03125 0.09921875 0.0625