0 0.86875 0.15859375 0.01015625 0.0109375
0 0.50078125 0.5 0.9921875 1
0 0.0359375 0.21796875 0.07109375 0.27109375
0 0.60859375 0.79375 0.02109375 0.02265625
0 0.39453125 0.31875 0.28515625 0.16484375
0 0.6828125 0.00703125 0.01328125 0.01328125
0 0.840625 0.43828125 0.02265625 0.01875
0 0.259375 0.18125 0.01953125 0.02109375
0 0.86953125 0.3203125 0.02734375 0.0171875
0 0.6015625 0.43359375 0.01953125 0.01796875
0 0.690625 0.0671875 0.01796875 0.02265625
0 0.81015625 0.84609375 0.01796875 0.02265625
0 0.6671875 0.6421875 0.0203125 0.02265625
0 0.55078125 0.0859375 0.17421875 0.13125
0 0.934375 0.45625 0.0140625 0.01484375
0 0.78203125 0.5796875 0.02578125 0.025
0 0.93359375 0.871875 0.01328125 0.01484375
0 0.23671875 0.05 0.1046875 0.1
0 0.665625 0.0328125 0.05546875 0.06484375
0 0.903125 0.23359375 0.0125 0.0203125
0 0.446875 0.01328125 0.18984375 0.02578125
0 0.3 0.24140625 0.028125 0.03984375
0 0.9796875 0.2515625 0.0140625 0.0125
0 0.975 0.39140625 0.05 0.02265625
0 0.61875 0.3796875 0.02890625 0.021875
0 0.871875 0.66328125 0.08125 0.08203125
0 0.99453125 0.6171875 0.0109375 0.075
0 0.69296875 0.928125 0.0796875 0.06875
0 0.8671875 0.95703125 0.0171875 0.02265625
0 0.9578125 0.23984375 0.0140625 0.01796875
0 0.83046875 0.1078125 0.04453125 0.1921875
0 0.9 0.071875 0.0953125 0.03515625
0 0.71171875 0.43203125 0.109375 0.075
0 0.996875 0.73359375 0.00625 0.02265625
0 0.6421875 0.625 0.0765625 0.07109375
0 0.9703125 0.99140625 0.059375 0.0171875