0 0.49765625 0.471875 0.96875 0.896875
0 0.45546875 0.39453125 0.01171875 0.01171875
0 0.46015625 0.1046875 0.0109375 0.0109375
0 0.20625 0.2203125 0.0109375 0.0125
0 0.29140625 0.503125 0.18359375 0.49296875
0 0.33359375 0.28046875 0.02265625 0.0203125
0 0.521875 0.4421875 0.01015625 0.0125
0 0.8171875 0.34453125 0.01015625 0.0109375
0 0.0578125 0.98125 0.009375 0.01015625
0 0.2140625 0.803125 0.009375 0.01015625
0 0.16015625 0.23984375 0.009375 0.01015625
0 0.12578125 0.35703125 0.015625 0.015625
0 0.18359375 0.05625 0.009375 0.01015625
0 0.8765625 0.3453125 0.01015625 0.01015625
0 0.353125 0.0328125 0.271875 0.065625
0 0.1828125 0.11484375 0.115625 0.07734375
0 0.478125 0.30703125 0.03203125 0.0328125
0 0.68671875 0.08203125 0.28046875 0.16171875
0 0.6078125 0.15078125 0.0109375 0.0078125
0 0.08828125 0.20234375 0.07109375 0.09375
0 0.20234375 0.01015625 0.03515625 0.0203125
0 0.09375 0.7390625 0.0234375 0.0234375
0 0.02890625 0.203125 0.0578125 0.0765625
0 0.1078125 0.12890625 0.01328125 0.009375
0 0.9828125 0.18984375 0.03359375 0.0984375
0 0.02421875 0.1859375 0.009375 0.0109375
0 0.2546875 0.44609375 0.0359375 0.0296875
0 0.9703125 0.37265625 0.0234375 0.01796875
0 0.2296875 0.8890625 0.0171875 0.01953125
0 0.684375 0.26015625 0.0390625 0.03046875
0 0.79375 0.065625 0.0109375 0.009375
0 0.0515625 0.02578125 0.10234375 0.05078125
0 0.0125 0.53984375 0.02265625 0.1484375
0 0.9046875 0.28671875 0.0328125 0.025
0 0.959375 0.01015625 0.06953125 0.01953125