0 0.5296875 0.10859375 0.1078125 0.05234375
0 0.30546875 0.82421875 0.0125 0.01953125
0 0.92109375 0.30859375 0.07578125 0.03671875
0 0.60078125 0.2046875 0.08515625 0.0921875
0 0.2796875 0.74921875 0.0296875 0.06796875
0 0.53203125 0.4140625 0.0203125 0.01640625
0 0.18671875 0.41875 0.0453125 0.0296875
0 0.39140625 0.8625 0.0484375 0.02578125
0 0.5578125 0.43046875 0.8453125 0.68125
0 0.52421875 0.225 0.07421875 0.1109375
0 0.77265625 0.3671875 0.01640625 0.01328125
0 0.18125 0.70625 0.07734375 0.12265625
0 0.66484375 0.09921875 0.05078125 0.03984375
0 0.70546875 0.20234375 0.05 0.203125
0 0.18125 0.86875 0.04296875 0.06796875
0 0.99609375 0.30859375 0.0078125 0.0296875
0 0.73359375 0.40625 0.0140625 0.015625
0 0.2890625 0.37109375 0.0140625 0.0125
0 0.33046875 0.24453125 0.0140625 0.01171875
0 0.2140625 0.559375 0.08984375 0.09296875
0 0.80625 0.16640625 0.0875 0.11171875
0 0.32734375 0.278125 0.11015625 0.140625
0 0.89765625 0.26875 0.0171875 0.01328125
0 0.190625 0.996875 0.01171875 0.00546875
0 0.38984375 0.5703125 0.05703125 0.17265625
0 0.31796875 0.615625 0.04375 0.16171875
0 0.22421875 0.2734375 0.0421875 0.05078125
0 0.26484375 0.90546875 0.01953125 0.02421875
0 0.7546875 0.1125 0.1328125 0.0453125
0 0.32421875 0.8859375 0.05 0.04140625
0 0.1453125 0.45703125 0.06171875 0.1859375
0 0.48046875 0.55546875 0.01875 0.021875
0 0.61875 0.17109375 0.0203125 0.025
0 0.209375 0.990625 0.06015625 0.01796875
0 0.91953125 0.15703125 0.1 0.06484375
0 0.4625 0.19140625 0.02734375 0.04453125