0 0.5 0.5 1 1
0 0.4265625 0.10703125 0.340625 0.2140625
0 0.759375 0.47578125 0.0421875 0.05
0 0.49453125 0.34453125 0.01171875 0.01171875
0 0.840625 0.5296875 0.30625 0.0296875
0 0.60703125 0.2640625 0.01171875 0.0125
0 0.77734375 0.1265625 0.0140625 0.015625
0 0.7078125 0.015625 0.0109375 0.01328125
0 0.5296875 0.28046875 0.0265625 0.0375
0 0.6828125 0.75234375 0.01796875 0.01640625
0 0.83671875 0.93671875 0.021875 0.01953125
0 0.9140625 0.3875 0.109375 0.0171875
0 0.79921875 0.796875 0.01484375 0.015625
0 0.825 0.15546875 0.190625 0.1546875
0 0.99453125 0.66875 0.01015625 0.015625
0 0.73828125 0.93203125 0.0140625 0.02265625
0 0.621875 0.303125 0.03203125 0.05390625
0 0.99453125 0.53515625 0.01015625 0.10546875
0 0.9078125 0.5703125 0.184375 0.09375
0 0.834375 0.97890625 0.01015625 0.0125
0 0.98125 0.79140625 0.0375 0.3546875
0 0.7484375 0.06796875 0.02109375 0.021875
0 0.9015625 0.13984375 0.021875 0.02421875
0 0.90546875 0.87578125 0.08125 0.05078125