0 0.5015625 0.5 0.996875 1
0 0.19375 0.45390625 0.34609375 0.03671875
0 0.3234375 0.146875 0.26484375 0.21484375
0 0.85234375 0.3484375 0.0171875 0.02109375
0 0.9015625 0.90390625 0.196875 0.1921875
0 0.65703125 0.33515625 0.0171875 0.01953125
0 0.17578125 0.00859375 0.06171875 0.0171875
0 0.34765625 0.04921875 0.01953125 0.02890625
0 0.9078125 0.01015625 0.184375 0.0203125
0 0.24140625 0.3890625 0.01875 0.0234375
0 0.984375 0.3359375 0.03046875 0.2765625
0 0.02421875 0.2046875 0.04765625 0.02421875
0 0.95625 0.83203125 0.08671875 0.08671875
0 0.11328125 0.040625 0.0578125 0.08125
0 0.0265625 0.1296875 0.03515625 0.03671875