0 0.50703125 0.49453125 0.98046875 0.98203125
0 0.48046875 0.184375 0.0078125 0.009375
0 0.55390625 0.0609375 0.009375 0.00859375
0 0.52890625 0.91640625 0.00859375 0.01015625
0 0.5484375 0.64921875 0.0078125 0.00859375
0 0.05859375 0.06171875 0.0078125 0.0078125
0 0.08828125 0.3078125 0.01015625 0.01171875
0 0.46640625 0.0171875 0.009375 0.01015625
0 0.3421875 0.2234375 0.01015625 0.0109375
0 0.19140625 0.1921875 0.01328125 0.0140625
0 0.046875 0.29765625 0.00859375 0.00859375
0 0.35703125 0.26875 0.1515625 0.0953125
0 0.68046875 0.4984375 0.00859375 0.00859375
0 0.25703125 0.38203125 0.01953125 0.01875
0 0.2390625 0.1 0.0203125 0.025
0 0.5375 0.42734375 0.08125 0.05859375
0 0.1203125 0.16171875 0.009375 0.01171875
0 0.08359375 0.46015625 0.01328125 0.0140625
0 0.72109375 0.1296875 0.1171875 0.14921875
0 0.33515625 0.13828125 0.01640625 0.01875
0 0.4546875 0.22578125 0.0546875 0.24296875
0 0.70078125 0.3484375 0.0765625 0.0625
0 0.93203125 0.13671875 0.134375 0.24453125
0 0.6453125 0.02421875 0.0578125 0.0484375
0 0.65546875 0.76796875 0.0375 0.08203125
0 0.278125 0.0328125 0.025 0.065625
0 0.89375 0.83515625 0.19765625 0.08671875
0 0.34296875 0.07421875 0.01953125 0.0125
0 0.91796875 0.8703125 0.0109375 0.02421875
0 0.05703125 0.01484375 0.1140625 0.0296875
0 0.9890625 0.3640625 0.021875 0.0171875
0 0.0046875 0.39375 0.009375 0.0359375
0 0.35703125 0.01875 0.01328125 0.02734375
0 0.3125 0.06328125 0.0328125 0.0390625
0 0.028125 0.26640625 0.05625 0.0421875
0 0.97890625 0.42578125 0.0421875 0.11640625
0 0.0796875 0.22578125 0.02578125 0.0453125
0 0.8109375 0.9640625 0.2 0.071875
0 0.99140625 0.60078125 0.0171875 0.053125
0 0.584375 0.746875 0.059375 0.05859375