0 0.4921875 0.49921875 0.96171875 0.98828125
0 0.115625 0.6046875 0.02109375 0.01875
0 0.13828125 0.7828125 0.0234375 0.02890625
0 0.73984375 0.3203125 0.0296875 0.03125
0 0.29453125 0.7859375 0.1 0.13203125
0 0.7828125 0.290625 0.259375 0.125
0 0.39921875 0.66328125 0.08515625 0.1234375
0 0.1265625 0.41953125 0.07421875 0.0625
0 0.690625 0.07421875 0.03671875 0.0484375
0 0.05546875 0.90546875 0.11015625 0.17578125
0 0.203125 0.31875 0.22734375 0.2515625
0 0.60625 0.11484375 0.0328125 0.05
0 0.5546875 0.0515625 0.0609375 0.053125
0 0.1421875 0.23359375 0.1203125 0.04609375
0 0.22578125 0.6140625 0.15390625 0.14140625
0 0.175 0.8078125 0.01875 0.01796875
0 0.0734375 0.06328125 0.04296875 0.040625
0 0.7796875 0.24375 0.2453125 0.04296875
0 0.09453125 0.72890625 0.0203125 0.0203125
0 0.0921875 0.65078125 0.04921875 0.0671875
0 0.1390625 0.05078125 0.27734375 0.0921875
0 0.225 0.7828125 0.0328125 0.02578125