0 0.52421875 0.0890625 0.11484375 0.05625
0 0.28515625 0.85234375 0.01328125 0.02109375
0 0.94296875 0.303125 0.08046875 0.0390625
0 0.60078125 0.1921875 0.090625 0.09765625
0 0.2578125 0.77265625 0.03125 0.071875
0 0.52734375 0.41484375 0.02109375 0.0171875
0 0.159375 0.4203125 0.04765625 0.03125
0 0.37734375 0.89296875 0.0515625 0.02734375
0 0.5515625 0.43203125 0.896875 0.7265625
0 0.51953125 0.21328125 0.0796875 0.11796875
0 0.784375 0.36484375 0.0171875 0.0140625
0 0.153125 0.7265625 0.08203125 0.13125
0 0.66953125 0.0796875 0.05390625 0.0421875
0 0.7125 0.1890625 0.05390625 0.21640625
0 0.153125 0.90078125 0.0453125 0.071875
0 0.74296875 0.40703125 0.01484375 0.0171875
0 0.26796875 0.36875 0.01484375 0.01328125
0 0.3125 0.234375 0.01484375 0.0125
0 0.18828125 0.56953125 0.09609375 0.09921875
0 0.8203125 0.15078125 0.09375 0.11953125
0 0.309375 0.26953125 0.1171875 0.15
0 0.91796875 0.26015625 0.01875 0.0140625
0 0.37578125 0.58203125 0.0609375 0.184375
0 0.2984375 0.63046875 0.04609375 0.17265625
0 0.19921875 0.26484375 0.0453125 0.0546875
0 0.2421875 0.9390625 0.0203125 0.02578125
0 0.76484375 0.09296875 0.1421875 0.0484375
0 0.30546875 0.91796875 0.053125 0.04375
0 0.11484375 0.4609375 0.065625 0.1984375
0 0.47265625 0.56640625 0.01953125 0.0234375
0 0.61953125 0.15546875 0.021875 0.0265625
0 0.940625 0.140625 0.10625 0.06875
0 0.45390625 0.17734375 0.02890625 0.04765625