0 0.5046875 0.5 0.990625 1
0 0.06015625 0.45546875 0.00703125 0.00859375
0 0.7515625 0.83046875 0.0078125 0.00859375
0 0.95859375 0.68984375 0.00859375 0.009375
0 0.671875 0.2328125 0.01328125 0.0125
0 0.13046875 0.4796875 0.0109375 0.0109375
0 0.62109375 0.21796875 0.01328125 0.0140625
0 0.47265625 0.14140625 0.015625 0.01484375
0 0.95 0.621875 0.01171875 0.0125
0 0.73515625 0.6171875 0.00859375 0.0125
0 0.71015625 0.1140625 0.01484375 0.015625
0 0.1359375 0.3265625 0.2484375 0.059375
0 0.96015625 0.24609375 0.009375 0.0109375
0 0.85390625 0.16484375 0.01328125 0.01640625
0 0.4578125 0.390625 0.075 0.0765625
0 0.78046875 0.18125 0.01484375 0.0203125
0 0.2390625 0.1296875 0.18828125 0.11328125
0 0.94453125 0.728125 0.11015625 0.02265625
0 0.64453125 0.096875 0.02109375 0.02578125
0 0.74921875 0.86796875 0.01171875 0.015625
0 0.334375 0.29453125 0.03984375 0.04609375
0 0.91953125 0.7921875 0.1609375 0.028125
0 0.265625 0.2484375 0.02421875 0.0328125
0 0.04375 0.071875 0.01171875 0.015625
0 0.7078125 0.26796875 0.01015625 0.015625
0 0.68828125 0.16796875 0.0265625 0.03359375
0 0.65234375 0.29375 0.16796875 0.17109375
0 0.5734375 0.01015625 0.028125 0.0203125
0 0.846875 0.365625 0.16015625 0.05703125
0 0.92578125 0.95234375 0.1484375 0.0953125
0 0.55234375 0.6921875 0.034375 0.1078125
0 0.7515625 0.13125 0.02734375 0.040625
0 0.8015625 0.02890625 0.17578125 0.0578125
0 0.7484375 0.2078125 0.03359375 0.05625
0 0.8203125 0.2234375 0.02109375 0.0375
0 0.70390625 0.98984375 0.0515625 0.0203125