0 0.484375 0.27578125 0.04375 0.26484375
0 0.35390625 0.35234375 0.7078125 0.7046875
0 0.6203125 0.71953125 0.05234375 0.0328125
0 0.20234375 0.0984375 0.1640625 0.19609375
0 0.35859375 0.11015625 0.09453125 0.13828125
0 0.5546875 0.63125 0.1328125 0.06953125
0 0.01796875 0.09609375 0.021875 0.03203125
0 0.20625 0.00859375 0.06796875 0.0171875
0 0.709375 0.60859375 0.08125 0.128125
0 0.778125 0.6984375 0.05546875 0.09765625
0 0.3828125 0.103125 0.0125 0.02109375
0 0.62421875 0.5296875 0.05390625 0.1046875
0 0.55859375 0.253125 0.04609375 0.1109375
0 0.609375 0.38125 0.04375 0.06953125
0 0.93046875 0.91640625 0.05234375 0.0609375
0 0.77109375 0.80546875 0.0828125 0.0828125