0 0.5 0.5 1 1
0 0.9125 0.84140625 0.009375 0.009375
0 0.41328125 0.115625 0.01171875 0.0125
0 0.65546875 0.0421875 0.01171875 0.0125
0 0.62421875 0.10078125 0.10390625 0.178125
0 0.24609375 0.2171875 0.00859375 0.009375
0 0.8859375 0.23984375 0.228125 0.47890625
0 0.95 0.0046875 0.01015625 0.00859375
0 0.96171875 0.99296875 0.0109375 0.01015625
0 0.65625 0.11328125 0.01171875 0.0171875
0 0.971875 0.47421875 0.0078125 0.01171875
0 0.89296875 0.9515625 0.2140625 0.096875
0 0.06015625 0.17890625 0.1203125 0.3234375
0 0.73828125 0.14921875 0.01015625 0.015625
0 0.22421875 0.209375 0.01328125 0.0125
0 0.13359375 0.27578125 0.01484375 0.021875
0 0.4171875 0.23984375 0.2265625 0.2015625
0 0.1 0.2953125 0.0203125 0.0234375
0 0.08203125 0.0265625 0.1640625 0.053125
0 0.9859375 0.10625 0.02734375 0.1265625
0 0.91796875 0.95546875 0.028125 0.02734375
0 0.20546875 0.14765625 0.01484375 0.0125
0 0.7546875 0.0234375 0.0828125 0.046875
0 0.175 0.10546875 0.0328125 0.04609375
0 0.99453125 0.3078125 0.01015625 0.13125
0 0.17734375 0.021875 0.0671875 0.04296875
0 0.11171875 0.11171875 0.06328125 0.0328125
0 0.790625 0.021875 0.0171875 0.04296875