0 0.50078125 0.5 0.9984375 1
0 0.84765625 0.4609375 0.0078125 0.009375
0 0.87890625 0.53046875 0.0109375 0.01171875
0 0.93984375 0.24609375 0.0078125 0.00859375
0 0.97109375 0.25546875 0.0078125 0.00859375
0 0.6796875 0.71953125 0.0453125 0.05859375
0 0.5765625 0.25078125 0.021875 0.10859375
0 0.45703125 0.340625 0.025 0.0578125
0 0.25859375 0.18046875 0.0078125 0.0078125
0 0.0578125 0.3875 0.00859375 0.01328125
0 0.275 0.39375 0.00859375 0.0125
0 0.08125 0.21875 0.1625 0.03125
0 0.54453125 0.43984375 0.025 0.03125
0 0.48359375 0.07109375 0.1765625 0.14140625
0 0.7453125 0.4375 0.03828125 0.08671875
0 0.93984375 0.29765625 0.02265625 0.03671875
0 0.86171875 0.06328125 0.2765625 0.1265625
0 0.646875 0.25078125 0.01328125 0.0125
0 0.7875 0.34609375 0.01953125 0.02578125
0 0.2609375 0.1421875 0.00703125 0.01171875
0 0.8578125 0.96875 0.11171875 0.0625
0 0.01875 0.04375 0.03671875 0.0875
0 0.9046875 0.80078125 0.0171875 0.0078125
0 0.96328125 0.90625 0.0734375 0.0625
0 0.74296875 0.7703125 0.0234375 0.040625
0 0.96171875 0.64375 0.0125 0.0125
0 0.97734375 0.20703125 0.04453125 0.02421875
0 0.98984375 0.05390625 0.0203125 0.0890625
0 0.046875 0.3 0.09375 0.065625
0 0.665625 0.99140625 0.02421875 0.0171875
0 0.71484375 0.79765625 0.08515625 0.0765625