0 0.5046875 0.5 0.9640625 0.9828125
0 0.51171875 0.06796875 0.0125 0.0140625
0 0.3078125 0.525 0.0140625 0.01484375
0 0.59453125 0.3921875 0.009375 0.0125
0 0.18125 0.21015625 0.0125 0.01171875
0 0.71015625 0.0359375 0.2609375 0.06484375
0 0.696875 0.10625 0.01015625 0.01015625
0 0.05859375 0.28203125 0.01015625 0.009375
0 0.9109375 0.1265625 0.134375 0.0453125
0 0.1078125 0.51875 0.1546875 0.1234375
0 0.08203125 0.23359375 0.15859375 0.15390625
0 0.3421875 0.2578125 0.23125 0.0546875
0 0.35078125 0.02265625 0.2140625 0.0390625
0 0.140625 0.67890625 0.1953125 0.20625
0 0.675 0.15546875 0.1859375 0.2609375
0 0.04296875 0.790625 0.08515625 0.1109375
0 0.9015625 0.490625 0.0078125 0.00703125
0 0.09921875 0.0296875 0.1546875 0.05390625
0 0.35234375 0.99609375 0.0171875 0.0078125
0 0.33671875 0.87578125 0.1484375 0.04921875
0 0.97734375 0.4140625 0.0453125 0.059375
0 0.15078125 0.93515625 0.159375 0.12578125
0 0.0453125 0.32890625 0.0125 0.01015625
0 0.4921875 0.453125 0.0171875 0.0171875
0 0.9921875 0.23828125 0.015625 0.0890625
0 0.0359375 0.95 0.07109375 0.09921875
0 0.02265625 0.41875 0.04375 0.1796875
0 0.1203125 0.0859375 0.06171875 0.02734375
0 0.3546875 0.74140625 0.04140625 0.03671875