0 0.47265625 0.4640625 0.9453125 0.92734375
0 0.053125 0.48359375 0.10625 0.1734375
0 0.44765625 0.23515625 0.33828125 0.13515625
0 0.68828125 0.13828125 0.04296875 0.059375
0 0.8046875 0.16875 0.0296875 0.028125
0 0.1640625 0.48828125 0.04453125 0.29453125
0 0.88046875 0.42109375 0.13671875 0.034375
0 0.84921875 0.2984375 0.05546875 0.0421875
0 0.21875 0.62734375 0.184375 0.28515625
0 0.08203125 0.17421875 0.034375 0.0265625
0 0.42578125 0.04609375 0.02734375 0.015625
0 0.34296875 0.0140625 0.02890625 0.02109375
0 0.20078125 0.009375 0.0515625 0.01875
0 0.2390625 0.14140625 0.08125 0.08984375
0 0.34375 0.00234375 0.01953125 0.0046875
0 0.25234375 0.34765625 0.0875 0.22578125
0 0.40390625 0.79375 0.05625 0.06875