0 0.5046875 0.49609375 0.990625 0.9921875
0 0.61015625 0.26171875 0.01875 0.015625
0 0.44609375 0.446875 0.0125 0.01171875
0 0.85703125 0.5765625 0.2859375 0.24375
0 0.48203125 0.190625 0.0140625 0.01171875
0 0.17421875 0.32421875 0.18359375 0.05
0 0.41015625 0.18671875 0.0140625 0.0125
0 0.65078125 0.825 0.01875 0.0140625
0 0.9515625 0.13828125 0.096875 0.04921875
0 0.39765625 0.37265625 0.01484375 0.0171875
0 0.36484375 0.16015625 0.0171875 0.015625
0 0.86796875 0.06015625 0.0296875 0.03125
0 0.46640625 0.2390625 0.0125 0.01171875
0 0.61640625 0.0140625 0.05546875 0.028125
0 0.33046875 0.01953125 0.1765625 0.0390625
0 0.784375 0.97890625 0.0625 0.0421875
0 0.84453125 0.290625 0.17578125 0.146875
0 0.5375 0.078125 0.01875 0.0171875
0 0.81328125 0.0953125 0.04609375 0.03359375
0 0.25 0.32734375 0.04296875 0.0296875
0 0.9828125 0.2 0.034375 0.059375
0 0.33359375 0.06875 0.55390625 0.1359375
0 0.83515625 0.03046875 0.0671875 0.0609375
0 0.68046875 0.02265625 0.034375 0.04296875
0 0.4921875 0.03671875 0.07890625 0.053125
0 0.96640625 0.73046875 0.06640625 0.17890625
0 0.765625 0.06328125 0.0265625 0.05
0 0.88203125 0.0078125 0.0234375 0.015625
0 0.71953125 0.040625 0.0296875 0.03984375
0 0.9875 0.303125 0.025 0.0296875