0 0.525 0.478125 0.884375 0.821875
0 0.44765625 0.70703125 0.040625 0.05703125
0 0.39921875 0.096875 0.1375 0.065625
0 0.66484375 0.23046875 0.0890625 0.209375
0 0.26796875 0.6828125 0.15390625 0.109375
0 0.975 0.45078125 0.01171875 0.02265625
0 0.25703125 0.23828125 0.14375 0.15703125
0 0.4625 0.98203125 0.0125 0.01171875
0 0.42421875 0.19921875 0.12109375 0.21015625
0 0.196875 0.4109375 0.17265625 0.146875
0 0.1921875 0.15 0.0234375 0.02578125
0 0.86875 0.31484375 0.09296875 0.06171875
0 0.734375 0.17890625 0.01171875 0.0125
0 0.1359375 0.47890625 0.01484375 0.0140625
0 0.865625 0.27109375 0.0359375 0.0375
0 0.51015625 0.76953125 0.0140625 0.01953125
0 0.4109375 0.86953125 0.046875 0.0546875
0 0.3328125 0.13359375 0.059375 0.04609375
0 0.7671875 0.17265625 0.2078125 0.090625
0 0.23125 0.19296875 0.02265625 0.0140625
0 0.090625 0.41484375 0.02109375 0.08984375