0 0.49765625 0.496875 0.9859375 0.984375
0 0.5421875 0.15234375 0.30859375 0.25
0 0.240625 0.5125 0.03828125 0.0453125
0 0.4796875 0.39375 0.0109375 0.0109375
0 0.121875 0.06171875 0.01015625 0.01171875
0 0.1671875 0.56171875 0.2765625 0.02734375
0 0.37890625 0.32109375 0.01015625 0.0109375
0 0.225 0.196875 0.0125 0.0140625
0 0.2875 0.096875 0.009375 0.01171875
0 0.4484375 0.3359375 0.02421875 0.03359375
0 0.309375 0.7625 0.01640625 0.01484375
0 0.953125 0.0796875 0.0921875 0.14921875
0 0.17109375 0.92890625 0.0203125 0.01796875
0 0.1015625 0.4328125 0.09921875 0.015625
0 0.2046875 0.803125 0.01328125 0.0140625
0 0.18125 0.2234375 0.171875 0.1390625
0 0.02734375 0.68671875 0.01171875 0.01328125
0 0.259375 0.92421875 0.0125 0.0203125
0 0.36484375 0.35625 0.02890625 0.04921875
0 0.0171875 0.5671875 0.03359375 0.09453125
0 0.1015625 0.6 0.1796875 0.08359375
0 0.178125 0.01953125 0.21875 0.0296875
0 0.17265625 0.9671875 0.009375 0.01171875
0 0.746875 0.05546875 0.0234375 0.02734375
0 0.02890625 0.79765625 0.0578125 0.3203125
0 0.25078125 0.14453125 0.01953125 0.01953125
0 0.11171875 0.209375 0.01953125 0.021875
0 0.77578125 0.0390625 0.1359375 0.065625
0 0.10859375 0.8734375 0.0734375 0.0453125