0 0.6546875 0.8125 0.01015625 0.01328125
0 0.93671875 0.884375 0.009375 0.0125
0 0.14609375 0.03203125 0.0171875 0.02109375
0 0.509375 0.5 0.98125 1
0 0.17265625 0.0671875 0.01484375 0.0203125
0 0.82890625 0.184375 0.01484375 0.01640625
0 0.21953125 0.303125 0.01953125 0.021875
0 0.89375 0.10703125 0.015625 0.01328125
0 0.4125 0.20078125 0.015625 0.0203125
0 0.85859375 0.921875 0.01015625 0.01484375
0 0.33828125 0.37109375 0.01484375 0.01796875
0 0.9359375 0.30234375 0.06953125 0.3265625
0 0.8078125 0.9546875 0.01015625 0.0125
0 0.29375 0.4546875 0.01796875 0.02109375
0 0.55859375 0.0484375 0.0984375 0.096875
0 0.61015625 0.1671875 0.17421875 0.321875
0 0.8453125 0.871875 0.01875 0.0203125
0 0.16640625 0.31015625 0.2046875 0.165625
0 0.80546875 0.86640625 0.01015625 0.01328125
0 0.95078125 0.63515625 0.03671875 0.240625
0 0.82265625 0.8734375 0.0109375 0.01328125
0 0.7015625 0.99375 0.06015625 0.01171875
0 0.08828125 0.0609375 0.1734375 0.121875