0 0.48046875 0.4953125 0.9515625 0.990625
0 0.2953125 0.06328125 0.07578125 0.11484375
0 0.85390625 0.71015625 0.04296875 0.03359375
0 0.64296875 0.8828125 0.00703125 0.009375
0 0.425 0.31953125 0.38671875 0.11484375
0 0.07890625 0.05234375 0.1546875 0.1046875
0 0.91328125 0.37265625 0.009375 0.0125
0 0.29296875 0.228125 0.01171875 0.015625
0 0.9421875 0.8421875 0.11328125 0.059375
0 0.884375 0.59296875 0.04375 0.03515625
0 0.01171875 0.2390625 0.00703125 0.01484375
0 0.76015625 0.41953125 0.27109375 0.1140625
0 0.93828125 0.9265625 0.121875 0.0484375
0 0.90703125 0.78125 0.03046875 0.02578125
0 0.53046875 0.83359375 0.0125 0.0140625
0 0.00078125 0.26875 0.0015625 0.015625
0 0.8140625 0.7921875 0.12578125 0.0796875
0 0.79375 0.11328125 0.23203125 0.109375
0 0.7953125 0.57578125 0.171875 0.07734375
0 0.9484375 0.6453125 0.103125 0.021875
0 0.725 0.94140625 0.23046875 0.1109375
0 0.784375 0.03671875 0.19296875 0.06875
0 0.89921875 0.375 0.02890625 0.09375