0 0.49296875 0.4953125 0.9859375 0.98359375
0 0.39296875 0.26484375 0.01875 0.015625
0 0.5546875 0.446875 0.0125 0.01171875
0 0.146875 0.57734375 0.28828125 0.240625
0 0.51875 0.19453125 0.01328125 0.01171875
0 0.8234375 0.3265625 0.18125 0.04921875
0 0.590625 0.190625 0.0140625 0.01171875
0 0.353125 0.82109375 0.01875 0.01328125
0 0.05390625 0.14375 0.09921875 0.0484375
0 0.60234375 0.37421875 0.01484375 0.0171875
0 0.63515625 0.1640625 0.0171875 0.015625
0 0.13828125 0.065625 0.02890625 0.03046875
0 0.534375 0.2421875 0.0125 0.01171875
0 0.38828125 0.0171875 0.0546875 0.03359375
0 0.6703125 0.0234375 0.17265625 0.04453125
0 0.22265625 0.975 0.06171875 0.0421875
0 0.1609375 0.29296875 0.1734375 0.14453125
0 0.46484375 0.08359375 0.01875 0.0171875
0 0.1921875 0.10078125 0.0453125 0.0328125
0 0.7484375 0.3296875 0.0421875 0.02890625
0 0.021875 0.20546875 0.04296875 0.05859375
0 0.665625 0.07421875 0.54765625 0.134375
0 0.171875 0.03671875 0.0671875 0.06328125
0 0.3234375 0.02890625 0.03359375 0.0421875
0 0.509375 0.0421875 0.078125 0.05234375
0 0.03671875 0.72734375 0.0734375 0.1765625
0 0.23984375 0.06875 0.02578125 0.04921875
0 0.125 0.0125 0.02265625 0.02109375
0 0.28515625 0.04609375 0.02890625 0.0390625
0 0.01796875 0.30625 0.03125 0.02890625