0 0.303125 0.13671875 0.0125 0.0125
0 0.1640625 0.171875 0.009375 0.01015625
0 0.503125 0.5 0.99375 1
0 0.21796875 0.46796875 0.0125 0.0125
0 0.9765625 0.1578125 0.01328125 0.01171875
0 0.9953125 0.12578125 0.009375 0.0109375
0 0.55546875 0.02421875 0.01015625 0.01171875
0 0.65234375 0.39453125 0.0109375 0.0125
0 0.84765625 0.7375 0.01484375 0.0140625
0 0.82265625 0.70078125 0.01796875 0.02109375
0 0.44921875 0.1015625 0.01640625 0.0203125
0 0.021875 0.0046875 0.04375 0.009375
0 0.69140625 0.04296875 0.0921875 0.0859375
0 0.440625 0.3546875 0.19609375 0.0890625
0 0.8234375 0.15546875 0.10859375 0.31015625
0 0.82734375 0.99140625 0.10703125 0.01640625
0 0.22734375 0.33984375 0.15078125 0.0703125
0 0.97734375 0.259375 0.04453125 0.35625
0 0.9703125 0.9125 0.01328125 0.0171875
0 0.2890625 0.146875 0.10390625 0.071875
0 0.50625 0.0234375 0.03984375 0.04609375
0 0.15546875 0.0875 0.0953125 0.05078125
0 0.30078125 0.275 0.0484375 0.065625
0 0.37421875 0.0046875 0.0234375 0.009375
0 0.38515625 0.22578125 0.02890625 0.02734375
0 0.94140625 0.03828125 0.1171875 0.07578125
0 0.0484375 0.05703125 0.0171875 0.021875
0 0.790625 0.8671875 0.04765625 0.134375
0 0.0734375 0.24921875 0.01640625 0.01640625
0 0.3234375 0.00546875 0.059375 0.0109375
0 0.690625 0.92265625 0.1078125 0.1453125
0 0.87109375 0.675 0.015625 0.025
0 0.13515625 0.45078125 0.25078125 0.02578125
0 0.96328125 0.88359375 0.01171875 0.0171875
0 0.9 0.95859375 0.01171875 0.01640625
0 0.04765625 0.19765625 0.05625 0.0328125
0 0.446875 0.0125 0.05625 0.025
0 0.0078125 0.3234375 0.01484375 0.05625