0 0.5 0.11328125 0.10390625 0.05546875
0 0.54375 0.21640625 0.10625 0.1859375
0 0.96171875 0.28515625 0.02109375 0.03203125
0 0.35390625 0.6203125 0.0125 0.0109375
0 0.1890625 0.57421875 0.0109375 0.0078125
0 0.67109375 0.365625 0.01171875 0.01328125
0 0.3140625 0.36875 0.16796875 0.13203125
0 0.57109375 0.56015625 0.0125 0.01171875
0 0.44375 0.13359375 0.05078125 0.06171875
0 0.21171875 0.13828125 0.06171875 0.040625
0 0.60390625 0.12890625 0.028125 0.0484375
0 0.3140625 0.2625 0.08984375 0.09296875
0 0.8203125 0.45703125 0.01015625 0.01015625
0 0.628125 0.6 0.30390625 0.7984375
0 0.30703125 0.11484375 0.0859375 0.0484375
0 0.55234375 0.58203125 0.01015625 0.01171875
0 0.78359375 0.1859375 0.07734375 0.0890625
0 0.06640625 0.3515625 0.0578125 0.0703125
0 0.11640625 0.44375 0.0375 0.03046875
0 0.2296875 0.44609375 0.0640625 0.02109375
0 0.37421875 0.21640625 0.02109375 0.025
0 0.37421875 0.6609375 0.04296875 0.03046875
0 0.271875 0.534375 0.025 0.015625
0 0.1390625 0.34140625 0.1359375 0.06328125
0 0.86953125 0.42421875 0.0703125 0.03203125
0 0.7 0.13203125 0.10390625 0.04140625
0 0.33125 0.18203125 0.02421875 0.03125
0 0.1421875 0.19453125 0.05859375 0.06328125
0 0.4421875 0.628125 0.01484375 0.0125
0 0.83515625 0.49375 0.01796875 0.01796875
0 0.73203125 0.3828125 0.1328125 0.06953125
0 0.2765625 0.60078125 0.025 0.01875
0 0.67890625 0.521875 0.0140625 0.01640625
0 0.84375 0.3421875 0.01875 0.0140625
0 0.94765625 0.36484375 0.0359375 0.0578125
0 0.1546875 0.45078125 0.07109375 0.03125
0 0.91484375 0.31875 0.0546875 0.0234375
0 0.66171875 0.3015625 0.0328125 0.02890625