0 0.71171875 0.15 0.01171875 0.01171875
0 0.84296875 0.1828125 0.00859375 0.009375
0 0.50078125 0.49609375 0.984375 0.9859375
0 0.7921875 0.46328125 0.01171875 0.01171875
0 0.07421875 0.16953125 0.0125 0.0109375
0 0.05625 0.140625 0.0109375 0.01171875
0 0.03828125 0.11875 0.01171875 0.0109375
0 0.47265625 0.04296875 0.009375 0.0109375
0 0.38125 0.39375 0.01015625 0.01171875
0 0.19609375 0.71875 0.0140625 0.01328125
0 0.21875 0.68359375 0.0171875 0.01953125
0 0.57265625 0.11640625 0.015625 0.01875
0 0.97890625 0.01484375 0.0421875 0.0296875
0 0.34453125 0.0515625 0.08671875 0.1015625
0 0.58125 0.35625 0.1859375 0.084375
0 0.21875 0.16015625 0.10234375 0.30859375
0 0.215625 0.97578125 0.1 0.0484375
0 0.7828125 0.3421875 0.14296875 0.06640625
0 0.05234375 0.26640625 0.08359375 0.33828125
0 0.0796875 0.884375 0.0125 0.01640625
0 0.725 0.159375 0.0984375 0.06796875
0 0.51953125 0.03671875 0.03828125 0.05859375
0 0.8515625 0.103125 0.08984375 0.04765625
0 0.7140625 0.28125 0.04609375 0.0625
0 0.64453125 0.02109375 0.0203125 0.02109375
0 0.63359375 0.23359375 0.02734375 0.0265625
0 0.08359375 0.046875 0.16015625 0.0921875
0 0.95234375 0.07421875 0.01640625 0.02109375
0 0.25 0.8421875 0.0453125 0.12734375
0 0.92890625 0.25625 0.015625 0.015625
0 0.69375 0.01640625 0.05703125 0.03125
0 0.34453125 0.89375 0.1015625 0.1375
0 0.1734375 0.659375 0.01484375 0.0234375
0 0.8703125 0.446875 0.2375 0.025
0 0.0859375 0.85703125 0.0109375 0.01640625
0 0.146875 0.928125 0.01171875 0.015625
0 0.0203125 0.5640625 0.02890625 0.1046875
0 0.953125 0.20703125 0.053125 0.03125
0 0.575 0.021875 0.053125 0.04375
0 0.9921875 0.32578125 0.015625 0.0515625