0 0.50390625 0.50078125 0.9921875 0.9984375
0 0.46484375 0.1546875 0.315625 0.25546875
0 0.7734375 0.521875 0.0390625 0.04609375
0 0.52890625 0.40078125 0.0109375 0.0109375
0 0.89453125 0.06171875 0.01015625 0.01171875
0 0.8484375 0.57265625 0.2828125 0.02734375
0 0.63203125 0.3265625 0.0109375 0.01171875
0 0.7890625 0.19921875 0.01328125 0.0140625
0 0.725 0.09765625 0.01015625 0.0125
0 0.5609375 0.3421875 0.025 0.034375
0 0.70234375 0.77734375 0.01640625 0.01484375
0 0.046875 0.0796875 0.09375 0.153125
0 0.84453125 0.94765625 0.0203125 0.01796875
0 0.915625 0.440625 0.1015625 0.015625
0 0.81015625 0.81875 0.01328125 0.0140625
0 0.83359375 0.2265625 0.17578125 0.1421875
0 0.99140625 0.70078125 0.0125 0.0140625
0 0.75390625 0.94375 0.01328125 0.02109375
0 0.64609375 0.3625 0.0296875 0.05
0 0.99296875 0.57734375 0.0140625 0.09765625
0 0.9125 0.61015625 0.175 0.0859375
0 0.8375 0.01796875 0.2234375 0.0296875
0 0.8421875 0.98671875 0.009375 0.01171875
0 0.25546875 0.0546875 0.02421875 0.028125
0 0.9796875 0.8140625 0.03984375 0.32734375
0 0.7625 0.14609375 0.01953125 0.0203125
0 0.9046875 0.21171875 0.0203125 0.021875
0 0.22578125 0.03828125 0.1390625 0.0671875
0 0.9078125 0.89140625 0.075 0.046875