0 0.496875 0.51328125 0.99375 0.9734375
0 0.65546875 0.03671875 0.0171875 0.07265625
0 0.6890625 0.58984375 0.18515625 0.44765625
0 0.23203125 0.1828125 0.1296875 0.14296875
0 0.50234375 0.03046875 0.2390625 0.0578125
0 0.85625 0.353125 0.02890625 0.03515625
0 0.9015625 0.421875 0.1390625 0.17578125
0 0.1390625 0.04921875 0.278125 0.0984375
0 0.17890625 0.12265625 0.04453125 0.03984375
0 0.1375 0.3890625 0.15234375 0.06796875
0 0.59140625 0.1265625 0.03125 0.0375
0 0.88671875 0.0765625 0.0609375 0.153125
0 0.9078125 0.67265625 0.184375 0.2171875
0 0.81484375 0.23046875 0.0375 0.05546875
0 0.90625 0.26796875 0.0359375 0.03984375
0 0.76875 0.17734375 0.015625 0.01640625
0 0.765625 0.2 0.05625 0.0484375
0 0.97265625 0.3859375 0.0546875 0.10234375
0 0.9796875 0.59609375 0.040625 0.3890625
0 0.46484375 0.10625 0.0609375 0.09921875
0 0.00703125 0.25546875 0.0140625 0.0203125
0 0.7859375 0.0515625 0.0578125 0.0359375