0 0.35234375 0.425 0.02109375 0.02578125
0 0.4921875 0.496875 0.98359375 0.99375
0 0.271875 0.21796875 0.128125 0.21328125
0 0.6703125 0.296875 0.02109375 0.02265625
0 0.61640625 0.0984375 0.1734375 0.196875
0 0.7671875 0.80546875 0.2546875 0.13828125
0 0.72109375 0.68125 0.04375 0.0421875
0 0.721875 0.52109375 0.2140625 0.14296875
0 0.07109375 0.37890625 0.02265625 0.01875
0 0.8203125 0.40859375 0.17890625 0.10703125
0 0.09609375 0.18984375 0.0265625 0.03125
0 0.603125 0.37109375 0.0359375 0.04453125
0 0.83828125 0.3140625 0.06953125 0.040625