0 0.4921875 0.48359375 0.984375 0.9671875
0 0.4109375 0.39296875 0.0125 0.0125
0 0.415625 0.0765625 0.01171875 0.01171875
0 0.13828125 0.203125 0.0125 0.01328125
0 0.23125 0.5125 0.2 0.53828125
0 0.27734375 0.26875 0.02421875 0.021875
0 0.4828125 0.4453125 0.0109375 0.01328125
0 0.80546875 0.3390625 0.0109375 0.01171875
0 0.146875 0.83984375 0.01015625 0.01171875
0 0.0875 0.22421875 0.0109375 0.0109375
0 0.05078125 0.35234375 0.0171875 0.01640625
0 0.11328125 0.02421875 0.01015625 0.0109375
0 0.8703125 0.3390625 0.0109375 0.0109375
0 0.296875 0.0171875 0.296875 0.034375
0 0.1125 0.08828125 0.12578125 0.084375
0 0.43515625 0.2984375 0.034375 0.0359375
0 0.66328125 0.0703125 0.30546875 0.13984375
0 0.5765625 0.12734375 0.01171875 0.00859375
0 0.02421875 0.1828125 0.04765625 0.10234375
0 0.015625 0.76953125 0.025 0.02578125
0 0.03046875 0.103125 0.01484375 0.01015625
0 0.98359375 0.16875 0.0328125 0.109375
0 0.19140625 0.44921875 0.0390625 0.0328125
0 0.97265625 0.36875 0.02578125 0.01953125
0 0.1640625 0.93359375 0.01875 0.02109375
0 0.66015625 0.246875 0.0421875 0.0328125
0 0.7796875 0.034375 0.0125 0.01015625
0 0.90078125 0.27578125 0.0359375 0.02734375