0 0.61640625 0.434375 0.0203125 0.02578125
0 0.49296875 0.49609375 0.98515625 0.9921875
0 0.6953125 0.23125 0.12578125 0.209375
0 0.30390625 0.30859375 0.0203125 0.021875
0 0.3578125 0.11328125 0.16953125 0.196875
0 0.20859375 0.8078125 0.24921875 0.13515625
0 0.2546875 0.6859375 0.04296875 0.04140625
0 0.253125 0.52890625 0.21015625 0.13984375
0 0.89140625 0.3890625 0.02265625 0.01875
0 0.15703125 0.41796875 0.17578125 0.1046875
0 0.8671875 0.20390625 0.02578125 0.03046875
0 0.36953125 0.38203125 0.03515625 0.04296875
0 0.13984375 0.325 0.06875 0.03984375