0 0.496875 0.5 0.99296875 1
0 0.275 0.71640625 0.01796875 0.01796875
0 0.35859375 0.6421875 0.03359375 0.0296875
0 0.128125 0.353125 0.25625 0.13984375
0 0.259375 0.91484375 0.10078125 0.11015625
0 0.165625 0.11640625 0.0328125 0.0296875
0 0.07734375 0.56171875 0.1546875 0.1390625
0 0.20078125 0.2390625 0.12890625 0.1109375
0 0.64375 0.221875 0.3203125 0.22109375
0 0.36796875 0.95546875 0.046875 0.034375
0 0.3609375 0.09140625 0.0203125 0.0265625
0 0.959375 0.13359375 0.08125 0.2671875
0 0.0421875 0.721875 0.08359375 0.37578125
0 0.21953125 0.0671875 0.03203125 0.03046875