0 0.81953125 0.084375 0.03203125 0.03515625
0 0.53671875 0.47265625 0.9078125 0.93671875
0 0.50859375 0.3359375 0.07578125 0.09765625
0 0.1875 0.52109375 0.2015625 0.190625
0 0.2015625 0.39296875 0.18515625 0.11953125
0 0.365625 0.8390625 0.1359375 0.12109375
0 0.67578125 0.24375 0.18359375 0.08359375
0 0.54765625 0.14453125 0.046875 0.04921875
0 0.49609375 0.23828125 0.0515625 0.05078125
0 0.9453125 0.4171875 0.01328125 0.02734375
0 0.9578125 0.29296875 0.0171875 0.0234375
0 0.725 0.19296875 0.04765625 0.040625
0 0.41328125 0.7953125 0.06875 0.03203125
0 0.2359375 0.7390625 0.0359375 0.04140625
0 0.9828125 0.2078125 0.034375 0.09453125
0 0.27734375 0.17265625 0.08828125 0.0875
0 0.396875 0.03984375 0.04140625 0.0359375