0 0.5 0.4859375 0.9640625 0.9421875
0 0.16328125 0.3703125 0.0140625 0.01796875
0 0.4484375 0.4484375 0.01171875 0.0125
0 0.19375 0.48203125 0.01015625 0.0140625
0 0.42890625 0.4140625 0.01171875 0.015625
0 0.1890625 0.4140625 0.0109375 0.01484375
0 0.6890625 0.06328125 0.08203125 0.11328125
0 0.05625 0.78046875 0.0671875 0.02421875
0 0.3578125 0.15859375 0.21015625 0.2328125
0 0.26796875 0.61328125 0.0328125 0.03984375
0 0.934375 0.20546875 0.10625 0.07578125
0 0.946875 0.0546875 0.08671875 0.103125
0 0.04921875 0.49453125 0.06796875 0.090625
0 0.60859375 0.36015625 0.178125 0.05234375
0 0.01875 0.61015625 0.03671875 0.06015625
0 0.1453125 0.95859375 0.05078125 0.08203125
0 0.328125 0.2671875 0.0234375 0.040625
0 0.403125 0.03203125 0.2375 0.05625
0 0.04140625 0.81171875 0.07578125 0.10078125
0 0.02734375 0.70625 0.0328125 0.04375
0 0.3109375 0.9828125 0.02578125 0.03203125
0 0.21015625 0.9734375 0.08515625 0.05234375
0 0.21328125 0.7046875 0.1546875 0.23203125
0 0.06796875 0.27578125 0.1046875 0.04765625
0 0.025 0.75703125 0.02109375 0.02578125
0 0.0859375 0.0625 0.17109375 0.12421875
0 0.9859375 0.4203125 0.02109375 0.04296875
0 0.890625 0.1671875 0.03671875 0.02890625