0 0.49921875 0.478125 0.965625 0.9390625
0 0.15078125 0.3859375 0.2453125 0.27734375
0 0.18515625 0.3265625 0.02109375 0.01484375
0 0.0703125 0.84921875 0.02734375 0.01875
0 0.240625 0.88046875 0.01484375 0.01640625
0 0.8453125 0.2671875 0.03828125 0.03046875
0 0.8015625 0.37421875 0.0265625 0.01640625
0 0.3015625 0.34609375 0.0359375 0.02734375
0 0.13046875 0.7109375 0.01796875 0.01953125
0 0.18671875 0.86015625 0.01640625 0.0140625
0 0.640625 0.09140625 0.16484375 0.18125
0 0.165625 0.8390625 0.01640625 0.0140625
0 0.28984375 0.89140625 0.20859375 0.11953125
0 0.1703125 0.05234375 0.02578125 0.0984375
0 0.128125 0.79921875 0.015625 0.01171875
0 0.41015625 0.16796875 0.1328125 0.059375