0 0.5078125 0.48828125 0.984375 0.96015625
0 0.1546875 0.39453125 0.25078125 0.28359375
0 0.1890625 0.334375 0.021875 0.01484375
0 0.071875 0.86796875 0.02734375 0.01875
0 0.24609375 0.9 0.015625 0.01640625
0 0.86484375 0.2734375 0.0390625 0.03046875
0 0.81953125 0.38203125 0.02734375 0.0171875
0 0.30859375 0.35390625 0.03671875 0.02734375
0 0.13359375 0.7265625 0.01875 0.01953125
0 0.190625 0.87890625 0.0171875 0.01484375
0 0.6546875 0.09375 0.16875 0.18515625
0 0.16875 0.8578125 0.0171875 0.0140625
0 0.296875 0.91171875 0.21328125 0.121875
0 0.17421875 0.053125 0.02578125 0.10078125
0 0.13046875 0.8171875 0.01640625 0.01171875
0 0.41953125 0.171875 0.13515625 0.06015625