0 0.7265625 0.24375 0.40546875 0.275
0 0.475 0.64140625 0.58828125 0.609375
0 0.0765625 0.49921875 0.15234375 0.303125
0 0.53046875 0.471875 0.04140625 0.02421875
0 0.6546875 0.2015625 0.021875 0.01953125
0 0.11328125 0.278125 0.01796875 0.01796875
0 0.59296875 0.471875 0.01796875 0.015625
0 0.83671875 0.2171875 0.01875 0.01484375
0 0.37734375 0.75078125 0.01875 0.01796875
0 0.5109375 0.57734375 0.0265625 0.0234375
0 0.6984375 0.31484375 0.0203125 0.0140625
0 0.39296875 0.15078125 0.01953125 0.01796875
0 0.034375 0.23828125 0.0375 0.03203125
0 0.3765625 0.7203125 0.01796875 0.0171875
0 0.39296875 0.89140625 0.015625 0.02265625
0 0.23671875 0.8328125 0.015625 0.0171875
0 0.4921875 0.4265625 0.040625 0.01796875
0 0.01328125 0.28984375 0.0265625 0.01953125
0 0.3859375 0.91796875 0.01875 0.0203125
0 0.01015625 0.54609375 0.01640625 0.0140625
0 0.14453125 0.41953125 0.01796875 0.01796875
0 0.3671875 0.91953125 0.01875 0.01484375
0 0.0890625 0.46328125 0.015625 0.01328125
0 0.653125 0.4546875 0.02578125 0.02421875
0 0.02890625 0.51875 0.015625 0.01640625
0 0.86484375 0.18046875 0.0265625 0.02109375
0 0.59765625 0.540625 0.0375 0.03125
0 0.60859375 0.1125 0.021875 0.0203125
0 0.13046875 0.45390625 0.0234375 0.02421875
0 0.73828125 0.1859375 0.02890625 0.021875
0 0.57421875 0.1421875 0.040625 0.02421875
0 0.2765625 0.2171875 0.275 0.1015625
0 0.09375 0.38203125 0.03046875 0.0265625
0 0.15625 0.134375 0.09140625 0.0671875
0 0.38515625 0.6171875 0.0828125 0.0984375