0 0.73125 0.2546875 0.38671875 0.2625
0 0.4921875 0.63359375 0.5609375 0.58125
0 0.09296875 0.4984375 0.18203125 0.28828125
0 0.5453125 0.471875 0.03984375 0.02265625
0 0.66328125 0.2140625 0.0203125 0.01875
0 0.146875 0.28671875 0.0171875 0.01640625
0 0.60390625 0.471875 0.0171875 0.01484375
0 0.83671875 0.22890625 0.0171875 0.0140625
0 0.3984375 0.7375 0.01796875 0.0171875
0 0.5265625 0.571875 0.025 0.021875
0 0.7046875 0.321875 0.01953125 0.0140625
0 0.41328125 0.165625 0.01796875 0.0171875
0 0.071875 0.24921875 0.03515625 0.03046875
0 0.3984375 0.70859375 0.01640625 0.01640625
0 0.41328125 0.871875 0.01484375 0.02109375
0 0.26484375 0.815625 0.01484375 0.01640625
0 0.5078125 0.42890625 0.03828125 0.0171875
0 0.0515625 0.2984375 0.02890625 0.01875
0 0.40703125 0.896875 0.01796875 0.01875
0 0.0484375 0.5421875 0.015625 0.01328125
0 0.1765625 0.421875 0.0171875 0.0171875
0 0.3890625 0.8984375 0.01796875 0.0140625
0 0.12421875 0.46328125 0.01484375 0.0125
0 0.66171875 0.4546875 0.025 0.0234375
0 0.0671875 0.51640625 0.01484375 0.015625
0 0.86328125 0.19453125 0.02578125 0.01953125
0 0.60859375 0.5375 0.0359375 0.0296875
0 0.61875 0.12890625 0.0203125 0.01953125
0 0.16328125 0.4546875 0.021875 0.02265625
0 0.74296875 0.19921875 0.028125 0.02109375
0 0.58671875 0.15703125 0.0390625 0.0234375
0 0.01875 0.56875 0.03046875 0.0375
0 0.00703125 0.50625 0.0140625 0.03125
0 0.303125 0.22890625 0.2625 0.096875
0 0.128125 0.3859375 0.02890625 0.025
0 0.1875 0.15 0.0875 0.0640625
0 0.40625 0.61015625 0.07890625 0.09375