0 0.265625 0.2546875 0.3890625 0.2640625
0 0.50625 0.6359375 0.56484375 0.584375
0 0.9078125 0.5 0.18359375 0.290625
0 0.453125 0.4734375 0.03984375 0.02265625
0 0.334375 0.2140625 0.02109375 0.01875
0 0.85390625 0.28671875 0.0171875 0.0171875
0 0.39375 0.4734375 0.0171875 0.01484375
0 0.16015625 0.22890625 0.01796875 0.01484375
0 0.60078125 0.740625 0.01796875 0.0171875
0 0.471875 0.57421875 0.025 0.02265625
0 0.2921875 0.32265625 0.01953125 0.0140625
0 0.5859375 0.16484375 0.01875 0.0171875
0 0.92890625 0.24921875 0.0359375 0.03046875
0 0.60078125 0.71171875 0.0171875 0.01640625
0 0.5859375 0.87578125 0.01484375 0.02109375
0 0.73515625 0.81875 0.01484375 0.0171875
0 0.490625 0.4296875 0.03828125 0.0171875
0 0.95 0.29921875 0.02890625 0.01875
0 0.59140625 0.90078125 0.01796875 0.01875
0 0.95234375 0.54453125 0.015625 0.01328125
0 0.8234375 0.42265625 0.0171875 0.0171875
0 0.61015625 0.90234375 0.01796875 0.0140625
0 0.8765625 0.46484375 0.01484375 0.0125
0 0.3359375 0.45625 0.025 0.0234375
0 0.934375 0.51796875 0.01484375 0.01640625
0 0.1328125 0.19375 0.02578125 0.01953125
0 0.3890625 0.5390625 0.0359375 0.0296875
0 0.37890625 0.128125 0.02109375 0.01953125
0 0.8375 0.45625 0.021875 0.02265625
0 0.25390625 0.1984375 0.028125 0.02109375
0 0.41171875 0.15625 0.0390625 0.0234375
0 0.9828125 0.5703125 0.03046875 0.0375
0 0.99453125 0.50625 0.0109375 0.03125
0 0.696875 0.22890625 0.2640625 0.096875
0 0.87265625 0.38671875 0.02890625 0.025
0 0.8125 0.14921875 0.0875 0.0640625
0 0.5921875 0.6125 0.07890625 0.09453125