0 0.475 0.68046875 0.93046875 0.5484375
0 0.2546875 0.11640625 0.11953125 0.1453125
0 0.22421875 0.33359375 0.14609375 0.19296875
0 0.82265625 0.33671875 0.2046875 0.271875
0 0.37890625 0.190625 0.13515625 0.10234375
0 0.7046875 0.20078125 0.065625 0.128125
0 0.39921875 0.4671875 0.06875 0.15234375
0 0.3875 0.30625 0.115625 0.13984375
0 0.675 0.453125 0.11875 0.090625
0 0.09921875 0.6375 0.06484375 0.0984375
0 0.3921875 0.71875 0.046875 0.11328125
0 0.51640625 0.396875 0.09453125 0.1234375
0 0.66875 0.1046875 0.10078125 0.07890625
0 0.209375 0.74140625 0.17734375 0.19375
0 0.525 0.1390625 0.0515625 0.17109375
0 0.79140625 0.228125 0.0921875 0.07578125
0 0.6609375 0.23984375 0.0359375 0.0765625
0 0.14921875 0.54765625 0.12265625 0.078125
0 0.03125 0.5921875 0.0625 0.140625
0 0.6828125 0.36640625 0.1015625 0.08359375