0 0.5171875 0.69296875 0.965625 0.57578125
0 0.75390625 0.10234375 0.125 0.15234375
0 0.78671875 0.3296875 0.15390625 0.20234375
0 0.1578125 0.33359375 0.2140625 0.28515625
0 0.6234375 0.18046875 0.1421875 0.10703125
0 0.28203125 0.190625 0.06875 0.134375
0 0.60234375 0.4703125 0.071875 0.16015625
0 0.61484375 0.3015625 0.12109375 0.146875
0 0.3125 0.45546875 0.12421875 0.09453125
0 0.9171875 0.64921875 0.06796875 0.103125
0 0.609375 0.734375 0.04921875 0.11875
0 0.4796875 0.396875 0.09921875 0.1296875
0 0.31953125 0.090625 0.10625 0.0828125
0 0.80234375 0.75859375 0.1859375 0.203125
0 0.4703125 0.1265625 0.05390625 0.1796875
0 0.190625 0.21953125 0.096875 0.0796875
0 0.32734375 0.23125 0.0375 0.08046875
0 0.8640625 0.5546875 0.12890625 0.08203125
0 0.978125 0.6 0.04375 0.15
0 0.30546875 0.36484375 0.10625 0.0875