0 0.5265625 0.71015625 0.946875 0.57890625
0 0.80703125 0.10390625 0.13125 0.159375
0 0.84140625 0.3421875 0.1609375 0.2125
0 0.1828125 0.34609375 0.225 0.2984375
0 0.67109375 0.18515625 0.1484375 0.1125
0 0.3125 0.196875 0.071875 0.14140625
0 0.6484375 0.48984375 0.07578125 0.1671875
0 0.66171875 0.3125 0.12734375 0.15390625
0 0.3453125 0.47421875 0.13046875 0.09921875
0 0.971875 0.675 0.05625 0.109375
0 0.65625 0.76640625 0.0515625 0.12421875
0 0.5203125 0.4125 0.1046875 0.1359375
0 0.35234375 0.09140625 0.1109375 0.08671875
0 0.8578125 0.79140625 0.19453125 0.21328125
0 0.51015625 0.12890625 0.05703125 0.18828125
0 0.2171875 0.2265625 0.1015625 0.08359375
0 0.3609375 0.2390625 0.03984375 0.084375
0 0.9234375 0.578125 0.134375 0.0859375
0 0.33671875 0.37890625 0.11171875 0.09140625