0 0.71328125 0.15078125 0.29765625 0.20390625
0 0.28828125 0.359375 0.4828125 0.22890625
0 0.51171875 0.875 0.8578125 0.25
0 0.82265625 0.51640625 0.28984375 0.1265625
0 0.8390625 0.678125 0.3140625 0.23046875
0 0.296875 0.08203125 0.315625 0.1296875
0 0.8 0.94375 0.2171875 0.11171875
0 0.38203125 0.67890625 0.11015625 0.09296875
0 0.66796875 0.10625 0.015625 0.0171875
0 0.3234375 0.20390625 0.01953125 0.01640625
0 0.98828125 0.2296875 0.0234375 0.1234375
0 0.6046875 0.0390625 0.23671875 0.06640625
0 0.98125 0.459375 0.0375 0.18984375
0 0.26484375 0.63125 0.08203125 0.03203125
0 0.48671875 0.540625 0.02890625 0.028125
0 0.909375 0.96171875 0.05234375 0.0765625
0 0.09296875 0.67265625 0.12890625 0.1796875
0 0.43203125 0.6109375 0.04453125 0.10546875
0 0.87421875 0.25078125 0.109375 0.07109375
0 0.2234375 0.809375 0.08125 0.034375
0 0.28515625 0.22421875 0.05234375 0.03125
0 0.9234375 0.91796875 0.0453125 0.05
0 0.76015625 0.37109375 0.1484375 0.0828125
0 0.40234375 0.47421875 0.0453125 0.0609375
0 0.36796875 0.8109375 0.0953125 0.0390625