0 0.43125 0.45234375 0.0265625 0.03125
0 0.7890625 0.23125 0.1875 0.1453125
0 0.571875 0.3953125 0.08671875 0.09375
0 0.07265625 0.5609375 0.1453125 0.30234375
0 0.45859375 0.53984375 0.05 0.15625
0 0.34609375 0.34375 0.059375 0.0484375
0 0.7234375 0.6671875 0.1171875 0.115625
0 0.96953125 0.803125 0.0453125 0.17421875
0 0.59765625 0.81640625 0.22890625 0.26796875
0 0.7109375 0.40859375 0.03515625 0.08828125
0 0.878125 0.83359375 0.12265625 0.15078125
0 0.2578125 0.33046875 0.19140625 0.24296875
0 0.925 0.5140625 0.04765625 0.2203125
0 0.14453125 0.74921875 0.07578125 0.11640625
0 0.4359375 0.0125 0.103125 0.025
0 0.72734375 0.0078125 0.11953125 0.015625
0 0.778125 0.53046875 0.0328125 0.0765625
0 0.51640625 0.2640625 0.0390625 0.07734375
0 0.540625 0.0203125 0.08515625 0.040625
0 0.8203125 0.38828125 0.06484375 0.02890625
0 0.296875 0.415625 0.01484375 0.01640625
0 0.128125 0.88046875 0.12421875 0.06796875
0 0.20390625 0.70390625 0.08125 0.0390625
0 0.7 0.096875 0.05234375 0.12421875
0 0.66640625 0.63515625 0.01171875 0.0125
0 0.16171875 0.11640625 0.02578125 0.0328125
0 0.06953125 0.2015625 0.021875 0.0390625
0 0.32421875 0.04921875 0.05078125 0.06796875
0 0.09375 0.08203125 0.06328125 0.04453125
0 0.79375 0.00859375 0.06171875 0.0171875
0 0.5625 0.08984375 0.1796875 0.11015625
0 0.89453125 0.0546875 0.08203125 0.109375
0 0.63359375 0.07578125 0.05703125 0.090625
0 0.55859375 0.646875 0.08125 0.0421875
0 0.35546875 0.9140625 0.053125 0.0421875
0 0.29765625 0.79453125 0.0140625 0.01875