0 0.73203125 0.86171875 0.29296875 0.2140625
0 0.765625 0.4703125 0.29921875 0.15
0 0.06171875 0.19453125 0.1234375 0.18046875
0 0.3625 0.44140625 0.03125 0.1125
0 0.35859375 0.59140625 0.0359375 0.06328125
0 0.37578125 0.68203125 0.2640625 0.18046875
0 0.66328125 0.0875 0.32265625 0.175
0 0.88125 0.7375 0.12578125 0.075
0 0.10078125 0.9828125 0.1078125 0.034375
0 0.4296875 0.50390625 0.0234375 0.02421875
0 0.26171875 0.24765625 0.09296875 0.034375
0 0.34609375 0.90703125 0.19375 0.1484375
0 0.45859375 0.43203125 0.03984375 0.0625
0 0.328125 0.86328125 0.03671875 0.025
0 0.19375 0.43984375 0.08125 0.02578125
0 0.0234375 0.60703125 0.046875 0.078125
0 0.03984375 0.73125 0.0796875 0.153125
0 0.3984375 0.015625 0.11953125 0.03125
0 0.51796875 0.23984375 0.11171875 0.18203125
0 0.79609375 0.6953125 0.0671875 0.084375
0 0.54765625 0.46875 0.1140625 0.08203125
0 0.06328125 0.90234375 0.078125 0.096875
0 0.4203125 0.13984375 0.04765625 0.0796875
0 0.69453125 0.9140625 0.01875 0.0203125
0 0.0078125 0.0296875 0.015625 0.0484375
0 0.26484375 0.07109375 0.090625 0.0546875
0 0.1953125 0.78984375 0.04765625 0.02734375
0 0.01796875 0.4234375 0.0359375 0.184375
0 0.3078125 0.3109375 0.17890625 0.11171875
0 0.67734375 0.4515625 0.0265625 0.01875
0 0.71953125 0.31328125 0.034375 0.02109375
0 0.13828125 0.51640625 0.21484375 0.05234375
0 0.2 0.928125 0.08515625 0.0421875