0 0.18203125 0.6921875 0.3390625 0.346875
0 0.53828125 0.19140625 0.01640625 0.01328125
0 0.1828125 0.43984375 0.134375 0.09140625
0 0.24609375 0.08671875 0.22265625 0.0765625
0 0.60546875 0.34765625 0.46796875 0.290625
0 0.21640625 0.18046875 0.01796875 0.01953125
0 0.7765625 0.0515625 0.15625 0.0609375
0 0.5328125 0.828125 0.06953125 0.0265625
0 0.05703125 0.35859375 0.103125 0.07109375
0 0.3578125 0.5734375 0.10625 0.07734375
0 0.58359375 0.69921875 0.1484375 0.1
0 0.46171875 0.53046875 0.02421875 0.025
0 0.88984375 0.78515625 0.084375 0.1703125
0 0.7453125 0.715625 0.071875 0.04140625
0 0.709375 0.1859375 0.13125 0.096875
0 0.0921875 0.9171875 0.0484375 0.0890625
0 0.32890625 0.33359375 0.15390625 0.078125
0 0.6296875 0.9359375 0.165625 0.03125
0 0.5234375 0.58359375 0.02734375 0.084375
0 0.8046875 0.140625 0.01875 0.01484375
0 0.53984375 0.89921875 0.0640625 0.0734375
0 0.5265625 0.44296875 0.0296875 0.05859375
0 0.246875 0.5984375 0.0265625 0.0171875
0 0.01484375 0.603125 0.028125 0.1328125
0 0.3765625 0.18046875 0.11953125 0.13359375
0 0.5078125 0.23046875 0.1484375 0.0265625
0 0.68671875 0.83125 0.03671875 0.0546875
0 0.19609375 0.20390625 0.109375 0.0890625
0 0.890625 0.6828125 0.09375 0.02109375
0 0.39609375 0.475 0.0328125 0.021875