0 0.3203125 0.1734375 0.27421875 0.1875
0 0.7125 0.365625 0.4453125 0.2109375
0 0.50703125 0.86015625 0.78984375 0.26640625
0 0.21953125 0.5109375 0.2671875 0.11640625
0 0.2046875 0.659375 0.28984375 0.2125
0 0.70390625 0.109375 0.290625 0.11953125
0 0.2421875 0.909375 0.19921875 0.1125
0 0.62578125 0.66015625 0.1015625 0.0859375
0 0.3625 0.1328125 0.0140625 0.015625
0 0.6796875 0.22265625 0.01796875 0.015625
0 0.04296875 0.246875 0.07109375 0.1140625
0 0.4203125 0.0703125 0.21875 0.0609375
0 0.059375 0.45859375 0.06328125 0.175
0 0.73359375 0.61640625 0.07578125 0.0296875
0 0.5296875 0.5328125 0.0265625 0.02578125
0 0.14140625 0.9421875 0.0484375 0.1109375
0 0.8921875 0.6546875 0.11875 0.165625
0 0.5796875 0.59765625 0.04140625 0.096875
0 0.171875 0.265625 0.10078125 0.065625
0 0.77265625 0.78046875 0.075 0.03203125
0 0.715625 0.240625 0.0484375 0.02890625
0 0.12734375 0.88046875 0.04140625 0.04609375
0 0.27734375 0.3765625 0.13671875 0.07578125
0 0.60703125 0.47109375 0.0421875 0.05625
0 0.6390625 0.78203125 0.0875 0.0359375