0 0.17734375 0.6921875 0.35390625 0.3640625
0 0.55 0.16875 0.0171875 0.0140625
0 0.17734375 0.42890625 0.140625 0.09609375
0 0.24375 0.0578125 0.23359375 0.0796875
0 0.6203125 0.33203125 0.49140625 0.3046875
0 0.2125 0.15703125 0.01875 0.0203125
0 0.7984375 0.0265625 0.1640625 0.05234375
0 0.54453125 0.8359375 0.0734375 0.02734375
0 0.04921875 0.34296875 0.0984375 0.07578125
0 0.36015625 0.56953125 0.11171875 0.08125
0 0.59765625 0.70078125 0.15546875 0.1046875
0 0.46953125 0.52421875 0.02578125 0.02578125
0 0.91875 0.790625 0.08828125 0.17890625
0 0.7671875 0.71796875 0.07578125 0.04375
0 0.72890625 0.1625 0.1375 0.1015625
0 0.08125 0.9296875 0.05078125 0.09296875
0 0.33046875 0.3171875 0.16171875 0.08203125
0 0.64609375 0.94921875 0.17421875 0.0328125
0 0.534375 0.5796875 0.02890625 0.08828125
0 0.8296875 0.11484375 0.01953125 0.015625
0 0.5515625 0.9109375 0.0671875 0.0765625
0 0.5375 0.43125 0.03125 0.06171875
0 0.24453125 0.5953125 0.028125 0.01796875
0 0.00703125 0.59921875 0.0140625 0.1390625
0 0.3796875 0.15703125 0.125 0.13984375
0 0.51796875 0.20859375 0.15546875 0.02734375
0 0.70546875 0.8390625 0.03828125 0.05703125
0 0.19140625 0.18125 0.11484375 0.09375
0 0.91953125 0.68359375 0.0984375 0.02265625
0 0.40078125 0.465625 0.034375 0.02265625