0 0.253125 0.85078125 0.27109375 0.1984375
0 0.221875 0.48828125 0.27734375 0.1390625
0 0.89765625 0.234375 0.1625 0.1671875
0 0.59453125 0.46171875 0.02890625 0.10390625
0 0.5984375 0.60078125 0.03359375 0.05859375
0 0.5828125 0.684375 0.24453125 0.1671875
0 0.31640625 0.1078125 0.29921875 0.215625
0 0.11484375 0.7359375 0.11640625 0.06953125
0 0.8375 0.9734375 0.1 0.053125
0 0.53359375 0.51953125 0.02109375 0.02265625
0 0.6890625 0.28203125 0.0859375 0.03203125
0 0.61015625 0.89296875 0.1796875 0.1375
0 0.50625 0.453125 0.03671875 0.0578125
0 0.6265625 0.85234375 0.034375 0.0234375
0 0.4234375 0.01875 0.175 0.03671875
0 0.75078125 0.4609375 0.07578125 0.02421875
0 0.9203125 0.61640625 0.065625 0.07265625
0 0.90078125 0.73046875 0.0890625 0.140625
0 0.5609375 0.04296875 0.11171875 0.0796875
0 0.45078125 0.27578125 0.103125 0.16875
0 0.19375 0.696875 0.0625 0.078125
0 0.42421875 0.4875 0.10546875 0.0765625
0 0.871875 0.88828125 0.071875 0.08984375
0 0.54140625 0.1828125 0.04453125 0.0734375
0 0.2875 0.9 0.0171875 0.01875
0 0.95 0.08125 0.0671875 0.0453125
0 0.6859375 0.11875 0.08359375 0.05078125
0 0.75 0.784375 0.04375 0.025
0 0.93984375 0.4453125 0.08671875 0.1703125
0 0.64609375 0.340625 0.165625 0.10390625
0 0.30390625 0.47109375 0.025 0.0171875
0 0.26484375 0.34296875 0.03203125 0.01953125
0 0.803125 0.53125 0.19921875 0.0484375
0 0.43828125 0.003125 0.01484375 0.00625
0 0.7453125 0.9125 0.07890625 0.0390625