0 0.525 0.4953125 0.025 0.028125
0 0.19765625 0.29296875 0.171875 0.1328125
0 0.396875 0.44296875 0.0796875 0.0859375
0 0.8875 0.5953125 0.19921875 0.27578125
0 0.50078125 0.57578125 0.04609375 0.14296875
0 0.603125 0.39609375 0.05390625 0.04375
0 0.2578125 0.6921875 0.1078125 0.10625
0 0.03203125 0.81640625 0.0421875 0.16015625
0 0.37265625 0.82890625 0.209375 0.2453125
0 0.9359375 0.5453125 0.01875 0.015625
0 0.26953125 0.4546875 0.0328125 0.08046875
0 0.115625 0.84453125 0.1125 0.13828125
0 0.684375 0.38359375 0.17578125 0.22265625
0 0.0734375 0.55234375 0.04375 0.2015625
0 0.9453125 0.5671875 0.01796875 0.02109375
0 0.78828125 0.7671875 0.06953125 0.10703125
0 0.52265625 0.07890625 0.09453125 0.0546875
0 0.25546875 0.0671875 0.10859375 0.059375
0 0.95390625 0.27421875 0.09140625 0.2046875
0 0.2078125 0.5671875 0.03046875 0.06953125
0 0.446875 0.32265625 0.0359375 0.07109375
0 0.42578125 0.08203125 0.078125 0.07421875
0 0.16953125 0.43671875 0.059375 0.0265625
0 0.6484375 0.46171875 0.0140625 0.01484375
0 0.803125 0.8875 0.1140625 0.0625
0 0.73359375 0.72578125 0.07421875 0.0359375
0 0.27890625 0.16953125 0.0484375 0.1140625
0 0.31015625 0.6625 0.0109375 0.01171875
0 0.771875 0.1875 0.0234375 0.03046875
0 0.85625 0.265625 0.01953125 0.0359375
0 0.6234375 0.12578125 0.046875 0.0625
0 0.834375 0.15625 0.05859375 0.040625
0 0.19453125 0.0734375 0.05625 0.05
0 0.40546875 0.16328125 0.1640625 0.10078125
0 0.1015625 0.121875 0.07421875 0.11953125
0 0.340625 0.15078125 0.05234375 0.0828125
0 0.40859375 0.6734375 0.07421875 0.03828125
0 0.59453125 0.91875 0.0484375 0.0390625
0 0.64765625 0.80859375 0.01328125 0.0171875