0 0.60859375 0.5421875 0.63125 0.5375
0 0.17265625 0.3140625 0.16953125 0.24453125
0 0.22890625 0.5765625 0.015625 0.015625
0 0.21171875 0.1984375 0.11875 0.078125
0 0.37265625 0.25078125 0.25390625 0.16640625
0 0.18671875 0.91328125 0.19453125 0.09921875
0 0.87734375 0.40859375 0.01640625 0.01171875
0 0.18203125 0.04375 0.06171875 0.065625
0 0.38125 0.56328125 0.01640625 0.0125
0 0.296875 0.09453125 0.11015625 0.02578125
0 0.26484375 0.02890625 0.115625 0.05546875
0 0.45546875 0.50234375 0.0890625 0.0390625
0 0.6484375 0.33515625 0.01796875 0.01640625
0 0.88359375 0.08515625 0.1640625 0.07109375
0 0.425 0.934375 0.07734375 0.03046875
0 0.76875 0.2984375 0.10625 0.09375
0 0.2046875 0.63203125 0.0796875 0.0984375
0 0.63046875 0.4609375 0.02109375 0.028125
0 0.94921875 0.3703125 0.05078125 0.0453125
0 0.725 0.0375 0.0921875 0.075
0 0.4640625 0.215625 0.0234375 0.0203125
0 0.8125 0.1359375 0.04765625 0.084375
0 0.21796875 0.74140625 0.1015625 0.096875
0 0.67421875 0.13515625 0.01796875 0.0203125
0 0.08125 0.765625 0.01328125 0.0515625
0 0.1 0.4265625 0.03203125 0.034375