0 0.6140625 0.5453125 0.6453125 0.55
0 0.16875 0.31171875 0.1734375 0.25
0 0.2265625 0.5796875 0.01640625 0.015625
0 0.20859375 0.19375 0.121875 0.0796875
0 0.3734375 0.246875 0.259375 0.16953125
0 0.1828125 0.92421875 0.1984375 0.10078125
0 0.8890625 0.40859375 0.0171875 0.01171875
0 0.178125 0.03515625 0.06328125 0.0671875
0 0.38203125 0.565625 0.0171875 0.0125
0 0.2953125 0.08671875 0.1125 0.0265625
0 0.26171875 0.02421875 0.11796875 0.04765625
0 0.4578125 0.50390625 0.090625 0.03984375
0 0.6546875 0.3328125 0.01796875 0.01640625
0 0.8953125 0.07734375 0.1671875 0.0734375
0 0.4265625 0.9453125 0.07890625 0.03046875
0 0.778125 0.2953125 0.10859375 0.09609375
0 0.2015625 0.63671875 0.08125 0.10078125
0 0.63671875 0.46171875 0.021875 0.02890625
0 0.9625 0.36953125 0.0515625 0.046875
0 0.7328125 0.03359375 0.09453125 0.0671875
0 0.46640625 0.2109375 0.0234375 0.02109375
0 0.82265625 0.1296875 0.04921875 0.0859375
0 0.21484375 0.7484375 0.10390625 0.09921875
0 0.68125 0.128125 0.01875 0.0203125
0 0.075 0.7734375 0.0140625 0.05234375
0 0.09375 0.4265625 0.0328125 0.03515625