0 0.38125 0.515625 0.68984375 0.5875
0 0.8578125 0.26640625 0.18515625 0.2671875
0 0.7953125 0.55234375 0.0171875 0.01640625
0 0.81484375 0.140625 0.1296875 0.08515625
0 0.6390625 0.19765625 0.27734375 0.18125
0 0.8421875 0.9203125 0.2125 0.1078125
0 0.0875 0.36953125 0.01796875 0.0125
0 0.6296875 0.53828125 0.01796875 0.01328125
0 0.721875 0.0265625 0.1203125 0.028125
0 0.5484375 0.471875 0.096875 0.0421875
0 0.3375 0.2890625 0.01953125 0.01796875
0 0.08671875 0.02734375 0.1734375 0.0546875
0 0.58125 0.94375 0.084375 0.0328125
0 0.20625 0.24921875 0.11640625 0.10234375
0 0.821875 0.61328125 0.08671875 0.10703125
0 0.3578125 0.4265625 0.0234375 0.03046875
0 0.01875 0.3265625 0.0375 0.04921875
0 0.5390625 0.15859375 0.025 0.021875
0 0.15859375 0.071875 0.05234375 0.09140625
0 0.8078125 0.73359375 0.1109375 0.10625
0 0.309375 0.0703125 0.0203125 0.021875
0 0.9578125 0.759375 0.01484375 0.05625
0 0.93671875 0.3890625 0.03515625 0.0375